#SMHM_Params SMHM_Fit_Chi2 Overall_Obs_Data_Chi2
-1.431495 1.757030 1.350451 -0.217846 12.074023 4.599896 4.423389 -0.732499 1.973839 -2.468417 -1.816299 0.182080 0.470227 -0.875164 -0.486642 0.382296 -1.160189 -3.633671 -1.218900 125.877937 369.052935
-1.464227 1.104989 0.619698 -0.047105 12.017288 2.334051 2.397245 -0.347995 2.017935 -1.141865 -0.857596 0.061214 0.490465 -0.470516 -0.302107 0.369912 -0.851289 -2.546643 -0.917808 112.765427 421.503795
-1.554793 1.665348 1.378452 -0.214649 12.125588 4.009902 3.794282 -0.600366 1.908919 -2.521588 -1.713789 0.151638 0.517577 -0.668234 -0.401409 0.456651 -0.768662 -2.380116 -0.964631 83.994034 399.218737
-1.514280 -0.486088 -0.370123 0.018060 12.012546 4.690429 4.682950 -0.770531 2.024522 -4.453701 -3.563160 0.451389 0.503222 -0.395576 -0.371312 0.258800 -1.414997 -1.705365 -0.497161 182.256882 398.525813
-1.426141 -0.046225 0.069514 -0.078021 12.021024 5.330035 5.389923 -0.966256 2.044303 -4.342883 -3.433151 0.436400 0.516490 -0.327445 -0.330355 0.023868 -1679.700562 5699.334473 -2896.713867 373.565979 420.243339
-1.566356 1.027202 0.936104 -0.204363 12.086216 2.913802 2.861623 -0.466938 2.030313 -2.259902 -1.438172 0.057487 0.480792 -0.519829 -0.385222 0.344711 -0.885925 -1.549207 -0.495908 172.234009 396.752440
-1.453817 -0.756722 -1.161510 0.274554 12.068892 2.276311 2.191208 -0.298922 1.992370 -1.810843 -1.555496 0.190240 0.487026 -0.156617 -0.144294 0.416542 -1.037629 -1.973708 -0.497202 112.739830 418.723208
-1.548668 1.909845 1.705459 -0.322394 12.052329 5.172743 5.055042 -0.844518 2.079237 -2.675980 -2.046358 0.179901 0.479605 -0.823303 -0.475081 0.404538 -1.227586 -3.749808 -1.365975 124.602531 399.836683
-1.561351 -0.516998 -0.458260 0.001211 12.089778 2.739775 2.494066 -0.334418 1.942039 -3.252472 -2.292398 0.172373 0.574928 -0.100408 -0.166289 0.422623 -0.555512 -0.087238 0.003623 124.830727 420.472591
-1.591410 -1.271185 -1.583365 0.319314 12.085787 2.433340 2.283495 -0.324391 1.850486 -3.153666 -2.547090 0.325354 0.544919 -0.140758 -0.132763 0.405902 -0.591936 -0.428970 -0.066352 129.370163 408.640827
-1.432091 0.321207 0.125103 0.003456 12.092793 3.213390 2.986297 -0.434170 2.071321 -2.984709 -2.173267 0.214647 0.474620 -0.269656 -0.217915 0.365004 -1.268462 -2.916729 -0.907423 123.932793 400.933099
-1.460545 -0.709548 -0.316675 -0.129367 12.027757 4.412570 4.343926 -0.746932 2.032734 -4.042675 -2.884864 0.268092 0.464481 -0.318905 -0.350592 2.721353 -5.534940 -6.306042 -0.035524 405.477905 396.407963
-1.366010 1.268594 0.908176 -0.120200 11.996921 2.825104 3.077358 -0.539743 2.087293 -1.515679 -1.363600 0.183512 0.485733 -0.425097 -0.302618 0.391604 -1.150543 -3.333328 -1.107617 96.686737 425.549236
-1.589019 1.192015 0.763430 -0.073286 12.021810 2.382107 2.397090 -0.369506 2.040387 -2.375633 -1.833273 0.185359 0.562080 -0.651233 -0.398674 0.418579 -0.638140 -1.400407 -0.473060 114.269096 406.290487
-1.524370 -0.689922 -0.785728 0.111492 11.942263 1.583451 1.741994 -0.240513 2.116596 -2.605472 -1.983858 0.177727 0.502437 -0.151236 -0.235581 0.263677 -1.200501 -1.447493 -0.233693 177.317551 399.771246
-1.511895 1.381260 1.218439 -0.232535 12.117099 5.224960 5.016101 -0.829720 1.988874 -3.388295 -2.656748 0.291137 0.488878 -0.737498 -0.457730 0.423098 -0.999158 -2.377683 -0.825786 115.723328 398.075540
-1.587556 -0.044025 -0.434531 0.142381 12.033346 1.813976 1.807108 -0.265134 2.008217 -3.179728 -2.323904 0.253169 0.553560 -0.325964 -0.262625 0.384661 -0.774672 -1.398193 -0.381887 123.749901 405.229184
-1.514820 -0.953649 -1.198767 0.262406 12.023377 1.922409 1.735199 -0.168894 2.029504 -3.496524 -2.709256 0.315102 0.525202 0.005355 -0.078441 0.376045 -0.880191 -0.874328 -0.185065 98.051186 397.277025
-1.446836 0.787994 0.507195 -0.097597 12.089155 4.854551 4.541374 -0.741708 1.951988 -3.666032 -2.640137 0.270330 0.458555 -0.786987 -0.447223 0.285662 -1.278708 -3.263806 -0.969614 168.886505 388.123865
-1.468463 -1.446148 -1.731535 0.331823 12.033569 3.274059 3.186228 -0.485794 1.991503 -4.297303 -3.625408 0.481790 0.526749 -0.175479 -0.158692 0.365472 -1.019086 -1.176886 -0.135156 99.435989 393.095491
-1.489368 -2.573089 -2.558485 0.480512 11.957666 2.883462 3.051977 -0.456200 2.115098 -3.817966 -3.366758 0.474912 0.521100 0.125452 -0.139029 0.304837 -1.627113 -2.947903 -0.590122 503.029022 415.006101
-1.466343 -1.612924 -1.776063 0.313617 11.989989 3.078704 2.975701 -0.424957 2.043359 -4.129826 -3.413968 0.425606 0.531723 -0.127601 -0.160360 0.318690 -0.989989 -0.965056 -0.120926 91.055077 398.050472
-1.436083 -0.247161 -0.571005 0.146116 12.030958 2.765998 2.552175 -0.292137 2.067634 -3.251293 -2.667891 0.317665 0.458071 -0.312823 -0.231133 0.342135 -1.417397 -3.348755 -0.900433 102.396034 406.794825
-1.517810 -1.465166 -2.076801 0.499343 12.013635 2.165328 2.186469 -0.303288 2.054744 -1.887324 -1.873306 0.294299 0.502210 -0.182834 -0.140205 0.400713 -0.940460 -1.621961 -0.337892 103.090271 404.463260
-1.485484 1.105735 0.825395 -0.145380 12.113043 3.719652 3.475709 -0.526831 1.956514 -3.736112 -2.734542 0.286753 0.448286 -0.650860 -0.418553 0.355965 -1.198981 -3.135392 -0.956459 153.687943 403.673722
-1.593508 -2.677176 -3.084253 0.672239 12.083826 3.158719 2.922444 -0.389708 1.912111 -4.370989 -3.723022 0.542685 0.533256 0.101134 0.016143 0.434853 -0.696461 -0.604301 -0.073494 103.419304 418.556736
-1.427618 0.189572 0.316643 -0.163944 11.940319 4.987710 5.002690 -0.856473 2.189214 -3.986796 -3.058662 0.303311 0.499907 -0.446497 -0.383786 6938.641113 -154766.453125 -66059.960938 -16002.682617 116.951294 420.357703
-1.438744 1.432985 1.097313 -0.171911 12.020665 2.010676 2.061561 -0.280161 1.988483 -1.025608 -0.535800 -0.045512 0.522647 -0.526589 -0.353844 0.424813 -0.877365 -2.124217 -0.702728 103.277519 446.714323
-1.434155 -1.477481 -1.593308 0.243735 11.991204 2.309268 2.342789 -0.328647 2.016832 -3.940270 -3.204365 0.370664 0.530098 0.021609 -0.102485 0.367667 -1.080304 -1.214584 -0.090036 96.107384 420.997705
-1.400563 1.089373 0.748690 -0.083047 12.013852 2.793000 3.000935 -0.518197 2.056006 -1.485420 -1.328406 0.182225 0.497798 -0.387937 -0.285768 0.418412 -1.003671 -2.824572 -0.986250 97.117554 425.972473
-1.447898 0.935735 0.644728 -0.107753 12.042263 4.161397 4.202052 -0.748721 2.079948 -2.290438 -1.854652 0.216214 0.526028 -0.552171 -0.372916 0.414023 -0.925582 -1.839245 -0.601218 100.972748 406.814294
-1.592203 1.666541 1.442323 -0.238480 12.039890 4.204760 4.302283 -0.780610 1.991788 -2.216188 -1.668334 0.186055 0.522647 -0.669944 -0.434472 0.415040 -0.906057 -2.139636 -0.795467 108.063286 414.632338
-1.475028 0.313891 -0.004130 0.044976 12.026073 2.677298 2.437745 -0.273106 2.029284 -2.875583 -2.192901 0.221207 0.523292 -0.380766 -0.272874 0.340842 -0.962154 -2.087751 -0.698876 77.296844 410.777683
-1.649984 -0.311847 -0.368397 0.035525 11.981323 2.404906 2.464327 -0.360775 2.078894 -4.505462 -3.602742 0.416973 0.530336 -0.222502 -0.221461 0.375650 -0.869317 -0.391180 -0.011120 124.735130 399.127354
-1.496533 -2.458389 -3.031527 0.654590 12.063295 2.865606 2.735847 -0.384102 1.973195 -3.545706 -3.234823 0.502599 0.483601 -0.028329 -0.032677 0.435428 -0.914647 -1.042728 -0.118504 117.677132 406.862452
-1.286647 0.886458 0.602057 -0.094325 12.028893 3.440807 3.264688 -0.464970 2.026611 -2.940797 -2.191208 0.227939 0.502739 -0.587547 -0.378014 0.347208 -1.048172 -2.159369 -0.672414 93.289543 405.410383
-1.446772 0.847535 0.646920 -0.135781 12.000327 2.793248 2.824333 -0.410651 2.102374 -2.178538 -1.676715 0.121345 0.504390 -0.437470 -0.336368 0.378651 -0.927811 -1.726493 -0.551792 157.643692 399.734192
-1.506166 -1.159844 -1.385999 0.262574 12.071802 3.219359 3.241436 -0.559009 1.980495 -2.955631 -2.556054 0.341409 0.504038 -0.200025 -0.186962 0.368846 -0.777910 -0.645153 -0.080473 89.755989 420.889183
-1.444945 1.668276 1.490012 -0.284938 12.098215 4.895090 4.725284 -0.794155 1.973241 -2.470344 -1.761401 0.160129 0.480468 -0.763703 -0.475564 0.402459 -0.949254 -2.628184 -1.040615 110.359474 404.948966
-1.373657 0.643092 0.486942 -0.098427 12.047318 4.291480 4.214954 -0.717397 2.064351 -2.804289 -2.062850 0.203056 0.494706 -0.485086 -0.338595 0.321327 -1.048526 -2.033680 -0.714216 88.108162 395.286788
-1.666428 -0.289693 -0.267388 0.039718 12.084340 3.194542 2.923865 -0.407090 1.896308 -4.098632 -2.939826 0.297425 0.537788 -0.251445 -0.227217 0.414479 -0.609634 0.203936 0.026009 167.059738 397.820723
-1.564811 0.847497 0.689414 -0.178925 12.084885 4.474378 4.339076 -0.730645 2.018207 -2.491954 -1.863383 0.130745 0.485564 -0.657125 -0.391580 0.384019 -0.756153 -0.444721 -0.067576 162.533264 412.351124
-1.466097 2.026483 1.609052 -0.279092 11.996833 4.601458 4.643616 -0.782716 2.104395 -1.512394 -1.219363 0.085283 0.480242 -0.853100 -0.493016 0.392983 -1.327931 -4.789690 -1.700907 171.747421 411.167627
-1.476288 -0.302794 -0.414102 0.068317 12.043575 2.740944 2.666952 -0.391798 2.009484 -2.679028 -1.990135 0.192365 0.545915 -0.093304 -0.167540 0.383766 -0.879600 -1.013063 -0.258793 102.753548 399.307630
-1.615151 1.294568 1.111912 -0.192471 12.036928 2.899391 2.587527 -0.281287 2.074335 -3.479982 -2.552539 0.220540 0.546588 -0.485890 -0.319770 0.389006 -0.980243 -2.490786 -0.845176 86.526405 411.591397
-1.412921 0.689578 0.171652 0.056547 12.044627 2.688892 2.621135 -0.366066 1.971250 -1.924284 -1.511857 0.172784 0.492794 -0.503394 -0.304851 0.381130 -1.022569 -2.604935 -0.793327 90.740288 414.082970
-1.501319 2.568882 2.200878 -0.384857 12.104443 4.336457 4.261722 -0.721443 2.006428 -1.594941 -1.021520 0.016733 0.458724 -0.885310 -0.523798 0.445065 -1.053854 -3.609648 -1.287161 226.248260 410.316393
-1.463041 -0.140518 -0.356483 0.029850 12.074031 5.112146 4.951223 -0.842349 2.051650 -4.560826 -3.861327 0.512985 0.469342 -0.447572 -0.307445 0.299114 -1.002571 -0.778320 -0.111063 403.154938 413.302706
-1.542518 0.760791 0.491414 -0.092664 12.016007 3.192085 3.094705 -0.451402 2.116583 -2.905938 -2.277677 0.215194 0.487283 -0.571896 -0.385870 0.346081 -1.214393 -2.793831 -0.878007 86.943512 394.513850
-1.601158 -0.727467 -1.068972 0.246575 12.009482 2.251413 2.100194 -0.197602 2.125300 -2.180241 -1.904589 0.196541 0.503027 -0.258193 -0.212071 0.417992 -1.025546 -1.808283 -0.434488 96.643898 429.327990
-1.611891 -1.482228 -1.839380 0.387627 12.037883 2.568219 2.413449 -0.310753 1.975248 -3.237344 -2.693887 0.343919 0.519363 -0.110259 -0.103510 0.393752 -0.826353 -0.781465 -0.085650 116.159050 405.660298
-1.425679 0.859953 0.788831 -0.190778 11.987706 3.745830 4.007392 -0.755419 2.038234 -2.482401 -1.866712 0.186028 0.521043 -0.303285 -0.282194 0.384014 -0.879610 -0.280995 -0.073557 160.037216 389.115126
-1.469008 0.997263 0.812407 -0.186741 12.097896 4.904350 4.790886 -0.848978 1.954826 -3.393814 -2.528026 0.276397 0.536470 -0.390099 -0.280998 0.401652 -0.783395 -0.444037 -0.065159 235.593124 399.829719
-1.532443 -2.024406 -2.330744 0.471479 12.105059 3.018353 2.843960 -0.418723 1.945525 -4.164590 -3.566691 0.506926 0.496377 -0.013323 -0.058070 0.435658 -1.006914 -1.345823 -0.180802 119.200127 407.198465
-1.478459 1.124324 0.864788 -0.149386 12.041015 2.509161 2.268559 -0.227404 2.056212 -3.137523 -2.351172 0.213860 0.517553 -0.455027 -0.316679 0.388406 -0.886232 -1.908806 -0.655507 107.412964 401.537436
-1.435111 -0.765646 -1.032541 0.213395 12.045129 2.729700 2.806865 -0.484276 2.001015 -2.970573 -2.416544 0.328024 0.488480 -0.198652 -0.209231 0.399148 -0.945037 -1.516428 -0.326018 86.805260 419.289580
-1.519382 1.364411 1.145280 -0.211180 12.075203 3.134636 2.879777 -0.396937 2.067036 -2.261536 -1.584700 0.101191 0.469384 -0.663706 -0.426822 0.424519 -1.123697 -2.966861 -1.021579 117.366508 398.680220
-1.535413 -0.324456 -0.831099 0.231194 12.040546 2.142937 1.915376 -0.163510 2.007719 -2.773044 -2.352210 0.288663 0.492738 -0.328814 -0.220265 0.386920 -1.000764 -2.114391 -0.515090 91.894875 394.557610
-1.438093 -1.118567 -1.243756 0.231659 12.029964 2.893577 2.772977 -0.411135 1.975293 -3.298424 -2.557793 0.309785 0.527526 -0.136591 -0.180365 0.325099 -0.838040 -0.438050 -0.060817 86.023567 396.871125
-1.362147 0.174200 0.092602 -0.084306 12.047867 3.158152 3.075287 -0.485076 2.059948 -3.170659 -2.508256 0.250809 0.455982 -0.387629 -0.307353 0.327097 -1.027305 -1.136174 -0.216495 94.895126 414.238678
-1.362370 1.580207 1.220410 -0.178820 12.002983 3.109921 3.367126 -0.598995 2.090670 -1.435460 -1.312431 0.177526 0.491984 -0.477035 -0.329985 0.416533 -1.249963 -3.957346 -1.315247 96.777588 429.483778
-1.534257 0.864492 0.662373 -0.153205 12.050105 4.212330 4.285381 -0.763178 2.013050 -2.782064 -2.159498 0.208989 0.527632 -0.413469 -0.299395 0.426585 -0.773876 -0.524323 -0.079566 119.608932 401.478914
-1.583609 1.726830 1.488278 -0.252775 12.071015 4.086191 4.016685 -0.676423 2.014301 -1.549753 -0.957471 0.019186 0.470067 -0.643574 -0.394970 0.417355 -1.158871 -4.080834 -1.608727 98.313210 415.541626
-1.405383 -0.917265 -1.008022 0.171553 12.034944 3.174722 2.976621 -0.381660 2.101243 -3.601693 -2.938021 0.336379 0.472492 -0.223869 -0.205419 0.339383 -1.077928 -1.169844 -0.180645 115.000183 417.929654
-1.407524 0.915704 0.892928 -0.234194 12.012749 4.584309 4.704766 -0.846611 2.153912 -1.963897 -1.525977 0.116079 0.491150 -0.504555 -0.383659 0.369228 -1.250820 -0.792730 -0.054315 165.671463 399.423808
-1.470768 -1.457480 -1.943535 0.453305 12.056129 2.069547 1.991227 -0.222246 2.037378 -1.711249 -1.729277 0.258800 0.456922 -0.048142 -0.086771 0.368582 -1.154649 -2.013596 -0.417926 120.455803 420.105243
-1.577387 0.742976 0.614261 -0.164980 12.091701 4.378824 4.249888 -0.719434 2.004951 -2.657100 -1.986176 0.152991 0.488291 -0.555997 -0.355390 0.379320 -0.707616 -0.368519 -0.059309 155.551941 409.454711
-1.415771 0.451474 -0.005299 0.053130 12.013927 2.592599 2.422967 -0.291011 2.065328 -2.128862 -1.585337 0.122304 0.474694 -0.370392 -0.246074 0.395615 -1.030717 -2.593496 -0.806009 104.400688 415.415583
-1.453370 0.434961 0.166450 0.008059 12.032275 3.664944 3.599933 -0.585845 2.082017 -2.786285 -2.218725 0.264586 0.527566 -0.448585 -0.322485 0.333990 -0.981997 -1.925412 -0.662811 81.229156 412.562057
-1.442278 -1.223099 -1.588285 0.326503 11.941456 1.864324 2.012256 -0.315166 2.114661 -2.264461 -1.958990 0.243085 0.548202 -0.161419 -0.169870 0.337582 -0.831719 -0.986785 -0.173882 123.408386 399.887207
-1.409930 0.699979 0.682042 -0.184328 11.996718 5.026855 5.066420 -0.880371 2.160033 -2.768849 -2.176161 0.206016 0.500196 -0.617782 -0.473827 0.281081 -3.079564 -9.918550 -2.732151 166.824310 401.588455
-1.562137 -0.724426 -0.970656 0.205258 11.978371 2.914473 2.899208 -0.425375 2.143601 -2.755482 -2.314999 0.272701 0.480374 -0.213248 -0.212387 0.273551 -1.108141 -1.541611 -0.343308 108.893967 394.430455
-1.562030 1.184292 1.103888 -0.256657 12.132033 4.548008 4.420333 -0.794993 1.911200 -2.206902 -1.383603 0.065629 0.535936 -0.171166 -0.174679 0.435122 -0.760016 -0.287808 -0.035879 351.578827 402.010001
-1.475579 0.866545 0.740223 -0.108690 12.051338 3.810451 3.775694 -0.616004 2.046006 -2.576772 -1.974789 0.217864 0.507346 -0.369607 -0.282680 0.394320 -0.979747 -2.380149 -0.992540 88.882149 402.092706
-1.446220 2.175941 1.744340 -0.275717 12.135375 3.723113 3.525036 -0.572885 1.936612 -1.447213 -0.819353 0.005031 0.447103 -0.695896 -0.390079 0.453503 -0.991590 -3.267153 -1.155337 189.275238 405.037643
-1.473335 -0.121853 -0.258801 0.014438 12.066458 4.573901 4.360880 -0.714883 1.955432 -4.278904 -3.237678 0.373898 0.501613 -0.406261 -0.301586 0.261061 -0.926452 -0.629275 -0.126829 203.027588 397.742166
-1.558221 0.028080 -0.079528 -0.034702 12.108972 4.781549 4.569129 -0.757331 1.907471 -4.271833 -3.392179 0.416537 0.473822 -0.407578 -0.266627 0.357475 -0.801281 -0.429861 -0.073712 145.762695 412.736387
-1.345810 0.564290 0.429334 -0.116314 12.004983 3.549292 3.401596 -0.489145 1.999725 -3.650700 -2.724013 0.264038 0.533250 -0.487356 -0.339932 0.304391 -0.933168 -1.021941 -0.246557 99.105972 412.656341
-1.374406 -1.673369 -1.900235 0.340073 11.998416 2.548540 2.568034 -0.390432 2.092119 -4.670656 -3.972117 0.543526 0.509204 -0.131114 -0.165744 0.345436 -1.227881 -1.403398 -0.121964 135.133667 407.064608
-1.539507 1.135958 0.840876 -0.139253 12.078466 4.536979 4.458251 -0.759104 1.993077 -2.595183 -1.954850 0.186621 0.512264 -0.558755 -0.366221 0.392778 -0.788583 -1.153362 -0.381883 113.258781 400.089805
-1.486513 0.195412 -0.299987 0.135961 12.075601 2.290267 1.985372 -0.148657 1.951459 -1.733130 -1.407224 0.147964 0.505390 -0.460363 -0.294214 0.395989 -0.876874 -1.969386 -0.631864 90.295258 419.247196
-1.525533 0.593729 0.443125 -0.106255 12.086719 3.836417 3.744207 -0.669668 2.080310 -2.163191 -1.512867 0.112955 0.460990 -0.461038 -0.351985 0.224324 -1.033783 -0.864841 -0.110011 693.428162 424.963994
-1.574332 -2.409750 -2.578131 0.508430 11.979408 0.679258 0.918976 -0.110572 2.064152 -3.284146 -2.854976 0.386462 0.499931 0.002132 -0.143448 0.324239 -1.125539 -1.277882 -0.152675 209.311310 399.919916
-1.471331 0.924575 0.421853 -0.004960 12.006109 2.001818 2.045408 -0.266429 2.024853 -1.106025 -0.800583 0.043025 0.492170 -0.438999 -0.289713 0.352251 -0.819312 -2.544975 -0.941315 119.528687 435.222399
-1.469648 -2.734861 -3.377301 0.708532 12.065417 2.585472 2.513635 -0.372433 1.911732 -3.785856 -3.603756 0.604105 0.513130 0.075211 0.043237 0.489435 -0.800536 -1.164866 -0.130349 98.888054 425.442501
-1.456120 1.010731 0.491199 -0.017872 12.018403 2.262624 2.297879 -0.318641 2.027221 -1.159556 -0.879317 0.062841 0.480887 -0.462422 -0.296594 0.359614 -0.849363 -2.590049 -0.935607 113.316971 420.286727
-1.479258 -0.679984 -0.970249 0.188781 12.023972 3.797745 3.817261 -0.645626 2.047561 -3.339321 -2.986067 0.416951 0.511238 -0.288314 -0.219880 0.348857 -0.894173 -0.842607 -0.131104 95.228416 408.890777
-1.389134 0.746875 0.613857 -0.154080 12.052276 4.687550 4.763761 -0.869316 2.072790 -2.938613 -2.482368 0.332042 0.475637 -0.449082 -0.355202 0.256112 -1.096411 -0.867682 -0.118949 316.491455 402.716330
-1.510928 1.609416 1.211548 -0.198081 12.100189 4.842625 4.752361 -0.801587 1.920782 -2.554092 -1.931664 0.194738 0.532831 -0.704509 -0.403604 0.399964 -0.814477 -1.861651 -0.567520 264.677246 404.246435
-1.365720 1.843669 1.644316 -0.337036 12.018600 3.801529 3.707076 -0.575709 2.066528 -2.413134 -1.634079 0.092422 0.463089 -0.806269 -0.498963 0.316610 -1.881357 -6.598079 -2.194898 157.385025 397.418111
-1.424577 0.226329 0.064524 -0.030102 12.059123 4.639389 4.368553 -0.669793 1.974226 -3.663247 -2.933508 0.345796 0.504814 -0.489404 -0.334878 0.345886 -0.947697 -1.011476 -0.294344 99.923592 418.213824
-1.655104 -1.020067 -1.102947 0.183666 12.067513 3.026412 2.820203 -0.399214 2.013861 -3.610270 -2.899641 0.344346 0.510073 -0.173257 -0.190461 0.404663 -0.829155 -0.337045 -0.023424 88.374329 407.328357
-1.370573 0.094318 -0.155174 0.040113 11.978455 3.168144 3.039246 -0.419775 2.097184 -2.737149 -2.108305 0.202360 0.471881 -0.441293 -0.319193 0.233669 -1.699867 -4.708797 -1.408423 98.674004 424.119771
-1.586322 -3.379424 -3.512841 0.657858 11.946450 0.382675 0.783614 -0.142296 2.129360 -2.748819 -2.546722 0.366439 0.514591 0.305433 -0.011404 0.303240 -1.236023 -1.568568 -0.125710 275.420532 392.985512
-1.482044 0.295988 -0.036705 0.017911 12.068596 4.044235 4.062662 -0.706000 1.992379 -2.657157 -2.262856 0.284350 0.474743 -0.568569 -0.365953 0.371251 -0.962005 -1.613796 -0.396230 109.534744 398.562318
-1.489458 -1.580256 -1.704615 0.285086 12.009459 3.685637 3.541468 -0.534194 2.064804 -4.371038 -3.692146 0.476946 0.505615 -0.162672 -0.174201 0.287470 -1.070486 -1.120095 -0.114501 112.181099 390.996043
-1.447927 3.843432 3.057103 -0.476541 12.098836 3.729331 3.693861 -0.627611 1.916580 -0.113432 0.231965 -0.147899 0.488392 -1.095905 -0.550573 0.508555 -0.875793 -3.402458 -1.192488 202.523773 408.767382
-1.429841 -0.755454 -0.386707 -0.078244 11.998197 3.609750 3.839845 -0.691054 2.103053 -2.003358 -1.432776 0.081240 0.476324 -0.121687 -0.276116 0.764000 -7.163002 -8.999310 -0.172698 171.688248 404.844947
-1.553349 -1.126216 -1.288810 0.239834 11.971499 2.140384 2.141350 -0.300038 2.082595 -3.655828 -2.862595 0.326510 0.539396 -0.166019 -0.200705 0.329117 -0.818631 -0.459098 -0.050960 200.738800 398.172034
-1.375905 0.985987 0.584845 -0.072618 12.049704 2.559659 2.433433 -0.323659 2.012544 -2.740105 -1.997137 0.188560 0.472321 -0.622874 -0.396177 0.419664 -1.154779 -3.010072 -0.950343 109.226357 403.575603
-1.462567 1.497026 1.345948 -0.290604 12.055485 4.908343 4.835380 -0.816597 1.976347 -2.613774 -1.887475 0.147665 0.518615 -0.589127 -0.392640 0.355876 -0.954201 -2.968110 -1.203132 126.652908 411.172484
-1.490076 0.488285 0.213947 -0.001274 12.030195 3.332408 3.174587 -0.433138 2.023566 -3.242373 -2.520702 0.277050 0.501692 -0.431662 -0.305861 0.314010 -1.167756 -2.872359 -0.939556 92.365753 393.451416
-1.412468 0.521538 0.066978 0.040612 12.032200 2.679159 2.485780 -0.303728 2.051354 -2.166433 -1.610904 0.128309 0.473407 -0.378088 -0.243476 0.398554 -1.019054 -2.469918 -0.765721 99.785271 408.812765
-1.426203 0.744211 0.830166 -0.236161 12.004663 4.383864 4.432302 -0.752342 2.079026 -2.531637 -1.741672 0.106914 0.474709 -0.441757 -0.378687 0.222308 -2.247125 -5.365043 -1.641430 187.533249 410.527508
-1.504079 0.794299 0.471026 -0.046433 12.041388 3.475940 3.295052 -0.442064 2.004511 -2.643408 -2.007686 0.194047 0.521694 -0.495639 -0.330660 0.355714 -1.074936 -2.649363 -0.841246 99.557259 406.184882
-1.524853 0.141055 -0.407410 0.172518 12.004886 1.301630 1.135306 -0.045080 2.007897 -2.341729 -1.749386 0.168723 0.546094 -0.294495 -0.190852 0.349051 -0.769101 -1.724189 -0.577186 101.930840 419.485044
-1.573530 -0.143307 -0.309457 0.057897 12.047716 2.955821 2.849017 -0.433282 2.065846 -3.830221 -3.029174 0.355924 0.536743 -0.170353 -0.174190 0.441058 -0.649613 -0.461723 -0.134180 88.263939 412.095122
-1.438832 -1.593776 -2.258437 0.560632 11.974967 2.464523 2.443608 -0.312231 2.133830 -1.872780 -2.108944 0.355746 0.508745 -0.115891 -0.091336 0.355669 -1.057894 -1.977587 -0.448014 123.279327 428.413591
-1.379108 0.663939 0.637873 -0.211389 12.037127 4.583094 4.590650 -0.805168 2.099293 -2.829160 -2.142143 0.169453 0.490661 -0.548942 -0.394871 0.341118 -1.263867 -1.040759 -0.074681 181.352066 414.626158
-1.572215 1.382035 1.245674 -0.295557 12.024714 4.975451 4.904619 -0.843460 1.980382 -3.002917 -2.242187 0.206833 0.565115 -0.660680 -0.417090 0.442040 -0.603801 -0.040397 -0.005646 288.759796 399.378489
-1.556025 -1.875514 -1.963459 0.378441 12.071248 3.709971 3.501163 -0.540620 2.011626 -5.460426 -4.556118 0.646264 0.473583 0.013835 -0.068048 0.359278 -1.175020 -1.014387 -0.066945 118.826828 408.636809
-1.449636 2.531453 2.047807 -0.353284 12.061765 4.827798 4.755231 -0.803178 1.976594 -1.542987 -1.064457 0.050464 0.460559 -0.914311 -0.506529 0.449861 -1.130398 -4.192870 -1.516475 149.756607 406.338109
-1.476088 -2.639392 -3.221391 0.667515 12.079145 2.677105 2.593969 -0.389259 1.900836 -3.724265 -3.498411 0.576496 0.509445 0.075934 0.026960 0.480153 -0.777239 -1.074296 -0.118662 102.314796 425.143228
-1.407353 1.765595 1.428501 -0.262214 12.039887 4.941623 4.864087 -0.817102 2.087314 -2.755107 -2.305768 0.287239 0.446476 -0.781770 -0.446249 0.454115 -1.805539 -6.162902 -2.019092 171.804550 402.817387
-1.464788 1.463429 0.864257 -0.060135 12.063636 2.277223 2.168817 -0.225893 1.935518 -1.585278 -1.253766 0.109937 0.515771 -0.648693 -0.368401 0.462050 -0.794116 -2.257057 -0.713560 105.521500 428.010877
-1.389016 0.420011 0.247863 -0.071692 12.054387 4.918609 4.790589 -0.818761 2.043464 -3.474382 -2.754267 0.324527 0.518040 -0.458790 -0.318536 0.364223 -0.816262 -0.441842 -0.099428 175.672073 401.239691
-1.402921 -1.077755 -1.309341 0.226834 11.941574 3.208794 3.295107 -0.523067 2.203382 -3.937219 -3.441928 0.447505 0.486982 -0.217441 -0.211693 0.376177 -1.367263 -1.756507 -0.211942 83.448647 404.677610
-1.384151 1.474080 1.190824 -0.210175 12.007766 2.169765 2.265673 -0.327873 2.057852 -1.149651 -0.701714 -0.018249 0.509088 -0.491469 -0.354018 0.380363 -1.153488 -3.073910 -0.952544 100.359863 436.320373
-1.515421 1.538816 1.416197 -0.296980 12.073791 5.180851 4.902576 -0.798791 1.975368 -3.740901 -2.653754 0.239007 0.474452 -0.761063 -0.461813 0.352881 -1.143408 -3.381964 -1.251798 112.110931 405.487294
-1.382026 1.533362 1.225883 -0.215466 12.018618 2.227219 2.293928 -0.330823 2.045617 -1.135747 -0.678181 -0.021347 0.506011 -0.525045 -0.361973 0.387807 -1.082789 -2.793283 -0.871778 102.966850 442.896751
-1.481002 0.738925 0.581424 -0.112608 12.128756 4.652213 4.365579 -0.712220 1.936462 -3.469192 -2.599201 0.294073 0.469435 -0.541621 -0.366172 0.360723 -0.890987 -2.097651 -0.774800 104.555534 424.344850
-1.492640 0.490302 0.097122 0.027313 12.049208 2.695687 2.616738 -0.375100 2.032685 -1.742413 -1.378347 0.122729 0.489319 -0.449146 -0.296399 0.373376 -1.107272 -2.467776 -0.669886 112.866669 405.587314
-1.504594 2.661685 2.231838 -0.396072 12.107651 3.728917 3.472885 -0.552450 1.930850 -0.413991 0.082964 -0.153830 0.504796 -1.001679 -0.542084 0.420182 -0.929135 -3.169408 -1.086115 155.729996 436.410383
-1.466505 1.460031 1.299039 -0.286713 11.951989 3.417477 3.620139 -0.624028 2.224054 -0.631323 -0.456892 -0.068428 0.536050 -0.379873 -0.322345 0.305232 -1.174431 -2.982895 -0.972597 330.865051 411.436717
-1.561029 -0.148421 -0.074527 -0.058104 12.018739 3.015185 2.842050 -0.409757 2.113960 -3.275883 -2.440698 0.199155 0.510079 -0.326723 -0.287218 0.350029 -0.887322 -0.087655 0.045984 110.779991 413.949524
-1.416791 1.525704 1.155706 -0.202767 12.107070 4.856699 4.768085 -0.839104 2.020450 -1.910266 -1.578231 0.194366 0.446618 -0.753184 -0.460675 0.436471 -1.276959 -3.743980 -1.189571 260.183167 407.839097
-1.439925 -0.538897 -0.421372 0.031224 11.988176 3.759466 3.663023 -0.526415 2.095760 -4.703379 -3.678079 0.429032 0.490372 -0.232359 -0.285854 0.211010 -3.962284 -11.754755 -3.069647 167.243927 393.100927
-1.489404 -1.211942 -1.274501 0.220407 12.042364 2.818666 2.625887 -0.353211 2.006257 -4.237700 -3.302408 0.392055 0.513139 -0.173855 -0.204201 0.320018 -1.027134 -1.000930 -0.122101 119.021378 402.040775
-1.576824 0.391770 0.055944 0.034474 11.968843 2.336496 2.443168 -0.393862 2.129556 -2.300550 -1.767647 0.170651 0.542044 -0.463337 -0.338369 0.338363 -0.932645 -1.895177 -0.535992 107.744141 405.639569
-1.479877 0.457111 0.144239 -0.002654 12.001255 2.406926 2.258349 -0.300055 2.009306 -2.630018 -1.845154 0.154893 0.570718 -0.443954 -0.293268 0.316591 -0.728068 -0.964677 -0.272515 171.801727 418.950275
-1.594585 0.955278 0.760755 -0.176070 12.124924 4.125623 4.015622 -0.715744 1.923137 -3.076608 -2.169568 0.189293 0.543502 -0.267202 -0.231262 0.454609 -0.726857 -0.471857 -0.060448 488.936035 418.963117
-1.403471 -0.993799 -0.647342 -0.073394 11.966846 3.759905 3.902676 -0.692153 2.150256 -3.030174 -2.115557 0.105290 0.488375 -0.122474 -0.244608 0.585773 -4.487848 -5.753604 -0.127525 234.951111 401.290556
-1.436158 0.828696 0.737376 -0.165441 12.076429 4.484000 4.393260 -0.742201 2.048483 -3.373215 -2.481213 0.240124 0.461899 -0.512244 -0.373479 0.362848 -1.120693 -1.989549 -0.590613 141.602020 404.680337
-1.456210 0.665729 0.541727 -0.160663 12.104722 4.918304 4.708700 -0.797541 1.970171 -3.466618 -2.633034 0.288219 0.534919 -0.423036 -0.287099 0.405181 -0.785959 -0.462480 -0.068137 196.317764 414.834779
-1.645543 -3.250812 -3.396665 0.653733 11.929979 0.272304 0.782381 -0.158900 2.152825 -2.723254 -2.629284 0.410933 0.507376 0.138707 -0.110290 0.315113 -1.403411 -2.127807 -0.231537 305.393982 401.053772
-1.410262 -0.359683 -0.999168 0.313411 12.032526 1.856914 1.812179 -0.208980 1.918156 -1.581459 -1.324869 0.168350 0.518889 -0.302821 -0.181181 0.414699 -0.829719 -1.679953 -0.413971 101.469055 431.511990
-1.461689 -0.410015 -0.037247 -0.176834 12.046907 4.562580 4.578679 -0.803768 2.110371 -3.304960 -2.396915 0.164833 0.454430 -0.238592 -0.308481 0.679958 -6.803586 -8.517776 -0.135836 231.437759 404.472529
-1.512696 -0.238880 0.548456 -0.538999 11.922996 2.396066 2.489330 -0.360390 2.231361 -2.957162 -1.982870 0.064460 0.505363 -0.114238 -0.225970 4.298303 -3.272011 -4.092524 -0.003133 145.794281 413.371816
-1.529362 -1.097766 -1.168506 0.186974 12.035028 2.009651 1.931504 -0.240173 1.994666 -4.447034 -3.451167 0.395328 0.529362 -0.132090 -0.180578 0.381383 -0.802140 -0.485210 -0.051267 140.832474 403.205499
-1.394294 -2.227336 -1.962321 0.178342 12.048131 4.365591 4.530762 -0.852789 2.032915 -5.322425 -4.448848 0.594861 0.477901 0.041583 -0.109815 0.703038 -2.504078 -3.174312 -0.076501 117.906479 416.486784
-1.462763 -0.082747 0.356129 -0.275117 12.033607 5.223075 5.233635 -0.909255 2.119639 -4.302866 -3.347247 0.347534 0.467287 -0.462191 -0.402036 1.129028 -3.912273 -4.297936 0.000897 173.137863 395.696654
-1.499821 1.395638 1.235805 -0.234306 12.078629 3.882588 3.863693 -0.682207 2.045198 -2.098385 -1.460572 0.095096 0.498716 -0.527669 -0.368149 0.382069 -0.832469 -1.375491 -0.480332 175.992065 395.245953
-1.421773 0.052598 -0.067021 0.013917 12.068636 2.463602 2.218189 -0.279419 1.972225 -3.763650 -2.698810 0.274511 0.525112 -0.238982 -0.235348 0.358747 -0.895609 -1.464010 -0.519888 90.013184 406.088528
-1.520243 1.859269 1.511576 -0.252533 12.119579 4.500046 4.389940 -0.739048 1.934108 -1.883848 -1.357820 0.118975 0.487047 -0.825560 -0.480419 0.438761 -0.791429 -2.231945 -0.828729 118.649742 402.048807
-1.439722 1.105209 0.657888 -0.067082 12.017434 2.617992 2.687337 -0.409170 2.036062 -1.312593 -1.015639 0.085925 0.480089 -0.471464 -0.311766 0.355649 -0.910565 -2.785699 -1.004744 109.726196 416.238988
-1.387241 2.255250 1.964430 -0.362436 12.126021 5.003190 4.764081 -0.798363 1.883531 -1.984617 -1.261644 0.073819 0.499941 -0.948074 -0.534480 0.355446 -0.940754 -3.092847 -1.137672 213.832001 412.179426
-1.490900 0.092901 -0.003328 -0.076028 12.040106 4.986537 5.029284 -0.909944 2.069837 -4.244349 -3.592768 0.467412 0.485727 -0.395584 -0.302274 0.328158 -1.198427 -1.051994 -0.084470 341.259735 395.005237
-1.481933 -0.704662 -0.942816 0.145276 12.049049 3.917982 3.990554 -0.711633 1.963244 -2.957056 -2.605558 0.348982 0.495837 -0.338087 -0.255328 0.389764 -0.838740 -0.668386 -0.086009 118.755890 413.215049
-1.483312 2.221660 2.020473 -0.383598 12.124319 3.845247 3.604200 -0.557531 1.963923 -1.858300 -1.040291 -0.010180 0.485455 -0.717914 -0.437640 0.428752 -0.918130 -2.938090 -1.130848 96.052917 388.661288
-2.023549 -1.975020 -0.622115 -0.046813 12.016908 4.510929 4.591168 -0.772755 2.162677 -3.901522 -3.127939 0.331881 0.474535 -0.420083 -0.400975 14.945702 -0.228633 -0.095006 -0.936623 234.428482 400.617129
-1.424689 0.510567 0.122451 0.042572 12.024022 2.541490 2.354697 -0.249337 2.047559 -2.681714 -2.059292 0.205421 0.517377 -0.500814 -0.331373 0.331384 -1.062848 -2.446831 -0.745316 106.048019 400.935214
-1.412977 0.282539 0.321114 -0.103385 12.047977 3.569410 3.535045 -0.533423 2.058689 -3.886171 -2.999055 0.331437 0.485068 -0.248222 -0.289221 0.280000 -2.204205 -6.629671 -1.973469 151.566238 402.015446
-1.455383 0.447008 0.213186 -0.086106 12.043209 3.581990 3.632389 -0.653040 1.997311 -2.378498 -1.724310 0.148264 0.540787 -0.354903 -0.267977 0.368515 -0.798545 -0.836375 -0.129186 220.002304 401.855584
-1.505508 1.452500 1.224083 -0.242044 12.024095 4.115782 4.210959 -0.734679 2.072909 -3.145184 -2.426732 0.245855 0.468345 -0.535416 -0.369569 0.282683 -1.266416 -3.234668 -1.000717 156.439514 416.541838
-1.419648 1.239119 1.173236 -0.234188 12.089923 4.505568 4.428876 -0.797929 1.996478 -1.938481 -1.226058 0.079130 0.482695 -0.668385 -0.451163 0.286348 -0.988415 -0.182169 -0.059717 182.486710 417.365176
-1.420256 0.569923 0.570015 -0.212085 12.036336 5.255635 5.186054 -0.888374 2.118100 -2.760334 -2.114731 0.161785 0.481006 -0.539731 -0.386786 0.403869 -1.215337 -0.806642 -0.061625 138.404861 416.869495
-1.412820 1.079874 0.779577 -0.125897 12.027813 4.737757 4.765528 -0.811458 2.061512 -2.301058 -1.971879 0.242388 0.464425 -0.637119 -0.402105 0.352224 -0.920102 -2.051972 -0.768619 125.300644 413.759132
-1.540049 -2.919776 -2.924905 0.521297 12.005955 2.521623 2.562226 -0.389932 2.057250 -4.916095 -4.168694 0.584347 0.507407 0.054267 -0.136652 0.309063 -1.260473 -1.274746 -0.093210 180.886932 396.882869
-1.364753 0.615658 0.471092 -0.123598 12.024523 2.972342 2.814905 -0.400571 2.077559 -3.150583 -2.248063 0.174418 0.470056 -0.438749 -0.313467 0.297292 -1.082208 -1.535648 -0.370988 233.376266 414.143125
-1.344403 -0.436377 -0.689965 0.149564 12.033997 2.312982 2.204842 -0.295546 2.029078 -3.259980 -2.541620 0.301404 0.489486 -0.208382 -0.210198 0.318232 -1.131380 -2.175640 -0.605409 87.702522 397.593187
-1.436636 -0.187431 -0.168764 -0.020259 12.041122 5.384941 5.353703 -0.949323 2.090096 -3.261888 -2.639204 0.316564 0.480387 -0.479161 -0.424299 0.184937 -1.675852 -1.921788 -0.400574 677.746216 412.384208
-1.481959 1.114142 0.863389 -0.136353 12.076540 5.014905 5.008827 -0.888562 1.963318 -2.927823 -2.357954 0.318643 0.536180 -0.450911 -0.311393 0.424651 -0.870999 -1.908521 -0.728803 145.447052 407.199091
-1.476287 2.254147 1.893091 -0.331040 12.029881 4.526577 4.589857 -0.794397 2.088470 -1.356659 -0.986836 0.040437 0.493297 -0.732949 -0.440702 0.397054 -1.149350 -3.915548 -1.402945 143.558762 389.054385
-1.348956 0.955666 0.689316 -0.113719 12.064221 4.637149 4.579713 -0.781098 2.068850 -3.078533 -2.491051 0.307053 0.474328 -0.702830 -0.446007 0.374381 -1.105231 -2.525709 -0.828632 173.439056 394.361611
-1.520416 -0.182871 0.024322 -0.068930 11.986157 3.017878 2.903981 -0.395501 2.188776 -3.544779 -2.667554 0.241891 0.506809 -0.322337 -0.367805 2267.861572 -1972.153931 -6568.560059 -2700.227295 204.455856 411.768725
-1.561946 -3.101725 -3.330660 0.671543 11.968539 0.822982 1.105543 -0.148662 2.138217 -3.912342 -3.624566 0.550329 0.501110 -0.097858 -0.215630 0.316838 -1.980571 -3.894721 -0.525362 502.748199 417.469369
-1.514543 0.127359 0.322974 -0.135622 11.952668 4.639613 4.861547 -0.898142 2.084080 -4.290251 -3.266810 0.391483 0.546083 -0.158884 -0.283093 1.960472 -298.923584 111.803421 -104.522995 441.275238 399.679445
-1.510030 2.259586 1.609729 -0.220939 12.123042 3.242774 2.970805 -0.438136 1.848731 -1.574312 -1.021164 0.057831 0.508989 -0.922062 -0.472881 0.420395 -0.791606 -2.461011 -0.804000 145.471130 416.925054
-1.524533 -1.144845 -1.456173 0.326508 12.004837 2.032968 2.141032 -0.341422 2.005448 -3.026327 -2.461388 0.326921 0.509300 -0.198918 -0.198124 0.384836 -1.036070 -1.554361 -0.305645 90.384842 410.530826
-1.446392 1.789004 1.679560 -0.357901 12.038669 4.286076 4.256584 -0.695904 2.042782 -1.920253 -1.296436 0.038110 0.487675 -0.748598 -0.487405 0.453846 -1.297625 -3.725225 -1.350929 85.678452 412.901515
-1.497979 1.999087 1.734462 -0.303326 12.099157 5.095187 4.992999 -0.868092 1.956946 -2.612437 -1.968227 0.218784 0.514080 -0.774110 -0.458361 0.432222 -0.915305 -2.392498 -0.919259 118.124756 401.195608
-1.708591 2.244907 1.975523 -0.354883 12.083547 5.761240 5.507889 -0.918887 2.006409 -3.101308 -2.450342 0.262214 0.479656 -0.902584 -0.496563 0.409981 -1.081624 -3.309431 -1.182774 177.926910 430.924929
-1.403178 1.365968 1.106060 -0.191245 12.020187 2.268032 2.318340 -0.335503 2.029988 -1.337869 -0.842154 0.010282 0.514500 -0.468242 -0.341515 0.387696 -0.994650 -2.500626 -0.819665 102.228828 429.727011
-1.568210 -0.145712 -0.290630 0.050565 12.037419 2.513331 2.451816 -0.362601 2.081592 -3.486131 -2.713896 0.299488 0.543924 -0.126832 -0.167354 0.431718 -0.657697 -0.473735 -0.139182 93.768982 409.911245
-1.688399 -1.469163 -1.982459 0.460986 12.037566 1.631280 1.542892 -0.143118 1.912062 -3.028265 -2.599864 0.348963 0.570948 -0.075975 -0.080797 0.440198 -0.638579 -0.908425 -0.182855 92.675285 414.457476
-1.583805 -0.537295 -0.546852 0.082523 11.936676 3.367027 3.287346 -0.450471 2.159478 -3.914656 -3.011502 0.317282 0.447725 -0.329506 -0.298107 10563.947266 -4700.218750 140783.828125 11484.760742 154.669968 441.499768
-1.590125 2.142566 1.906161 -0.321514 12.104316 3.158896 3.053161 -0.452683 1.941756 -1.975361 -1.138980 0.012540 0.493217 -0.603974 -0.374553 0.455080 -0.891652 -3.090725 -1.217907 76.934547 427.015500
-1.556179 0.640015 0.414491 -0.055211 11.984848 2.557881 2.634255 -0.423886 2.105278 -2.758111 -2.115501 0.214079 0.523052 -0.347964 -0.275230 0.343651 -1.086442 -2.164568 -0.627034 95.469925 399.996885
-1.536163 -2.450858 -3.001495 0.620601 12.077397 2.247173 2.141226 -0.282837 1.914827 -3.592529 -3.297704 0.517764 0.519800 -0.000376 -0.019974 0.489531 -0.744808 -0.986708 -0.114469 101.574791 409.912667
-1.396152 -0.324293 -0.496220 0.063843 11.982202 2.497720 2.538669 -0.387046 2.163719 -2.841304 -2.196440 0.198208 0.491799 -0.251924 -0.223593 0.321284 -1.146460 -1.242603 -0.166413 115.188065 394.893750
-1.395001 0.993869 0.948110 -0.199442 11.963782 3.095010 3.343068 -0.596863 2.155186 -1.192598 -0.677870 -0.053236 0.532341 -0.503821 -0.386712 0.324510 -0.908064 -0.958788 -0.303252 84.493996 427.970850
-1.523259 -0.040472 0.101968 -0.102499 11.979668 4.556890 4.600482 -0.794216 2.108552 -4.790172 -3.723707 0.427437 0.507806 -0.456261 -0.400857 25992.945312 -33892.777344 -44863.468750 -16746.398438 198.793686 401.035278
-1.555292 -2.987930 -3.131703 0.557535 12.046369 1.543993 1.546345 -0.199086 1.973429 -4.945959 -4.197899 0.580120 0.473256 0.087298 -0.073795 0.371839 -1.108664 -1.212820 -0.085923 159.342865 407.391180
-1.476563 -1.453983 -1.734296 0.334850 12.042795 3.235426 3.151858 -0.485106 1.962203 -4.112842 -3.447906 0.455314 0.535495 -0.151503 -0.153020 0.350640 -0.926784 -1.029158 -0.131843 106.564178 405.920572
-1.474820 -0.418369 -0.798306 0.221705 12.065525 3.707636 3.549219 -0.541088 2.005060 -3.313825 -2.775640 0.387996 0.502886 -0.413801 -0.283024 0.352092 -0.994229 -1.753806 -0.489801 102.035248 398.270699
-1.462503 -0.636959 -0.624176 0.066548 11.976700 2.934278 3.045888 -0.510352 2.112036 -3.763652 -2.967105 0.327881 0.520055 -0.207246 -0.263485 0.256425 -1.149450 -1.025070 -0.118788 203.116776 396.904269
-1.478693 -1.390160 -1.540561 0.292979 12.037793 2.972979 2.789695 -0.385548 2.029313 -3.892854 -3.180476 0.409058 0.531559 -0.148752 -0.169757 0.327692 -0.801806 -0.711080 -0.105762 129.265244 403.181678
-1.356242 -0.200878 -0.181338 -0.054340 12.040617 3.067369 3.007392 -0.475228 2.050003 -3.534778 -2.803997 0.291243 0.450267 -0.319301 -0.294072 0.316774 -1.012141 -0.972795 -0.160938 97.151306 426.499414
-1.530838 -0.274868 -0.095016 -0.053241 12.026856 3.702046 3.381842 -0.450063 2.016507 -5.425762 -3.916342 0.393766 0.477232 -0.402341 -0.355475 0.206448 -1.375549 -3.047707 -1.301766 176.066132 409.743363
-1.423192 0.680918 0.175093 0.051704 12.050519 2.788473 2.680357 -0.369372 1.968534 -1.956597 -1.506697 0.161346 0.492984 -0.481214 -0.289924 0.386931 -0.973732 -2.476277 -0.768044 89.949951 401.147217
-1.448179 -1.025044 -1.676956 0.437299 12.039207 1.996989 1.958584 -0.267018 2.021144 -2.508851 -2.317260 0.362034 0.503217 -0.323787 -0.209032 0.385945 -1.033144 -2.233449 -0.523465 101.236237 399.197488
-1.514382 0.918624 0.898257 -0.210281 12.124763 5.274817 4.952456 -0.868082 1.988610 -3.791342 -2.665770 0.281337 0.409953 -0.399383 -0.334041 0.285342 -33.560413 -45.422520 -1.027671 1193.240112 430.482150
-1.385653 1.414067 1.320118 -0.282436 12.073485 4.402177 4.228973 -0.696605 1.989293 -1.982175 -1.140606 0.018800 0.477188 -0.655708 -0.431851 0.348976 -1.161911 -3.497536 -1.327584 81.612564 401.623016
-1.519171 2.336493 1.972143 -0.350705 12.134879 4.864967 4.693322 -0.803474 1.926844 -3.071091 -2.148038 0.196687 0.457670 -0.824968 -0.464447 0.405888 -0.976148 -3.002541 -1.048767 150.905655 405.375248
-1.426123 0.789596 0.433672 -0.032047 11.998891 2.791173 2.596367 -0.296028 2.065553 -2.682595 -1.959339 0.167534 0.524407 -0.536934 -0.356205 0.339551 -1.165747 -2.935521 -0.939424 104.697235 402.672807
-1.701091 -1.613652 -1.807242 0.373429 12.073853 2.715446 2.666876 -0.410573 1.969261 -3.378049 -2.877022 0.381658 0.543637 -0.010533 -0.099174 0.460624 -0.603967 -0.307097 -0.043038 86.949486 409.140177
-1.590401 -1.917948 -1.829841 0.298509 12.001142 1.111592 1.242703 -0.140628 2.157750 -3.779234 -3.078980 0.355122 0.497626 -0.002774 -0.195031 0.248390 -1.801280 -2.559354 -0.241232 285.379547 420.749317
-1.357711 1.991965 1.735377 -0.344258 12.025854 3.973746 3.964529 -0.687076 2.071715 -0.386472 0.054218 -0.157624 0.524569 -0.617660 -0.403626 0.333154 -1.014271 -3.265732 -1.229303 174.720016 397.156072
-1.571356 -1.727197 -1.975477 0.376435 12.065625 2.057918 1.951553 -0.241211 1.920545 -2.988508 -2.487632 0.323254 0.539379 0.125576 -0.010262 0.442555 -0.678191 -0.439774 -0.057448 103.081291 409.989560
-1.460237 2.050915 1.719362 -0.320553 12.074461 5.316570 5.070803 -0.823934 1.992162 -2.777133 -2.065609 0.192817 0.506220 -0.997527 -0.553047 0.421576 -0.934427 -2.476642 -0.859517 159.291870 402.340171
-1.405171 1.297911 0.969000 -0.148843 12.030197 2.377554 2.394075 -0.341902 1.999884 -1.406543 -0.896568 0.024728 0.505472 -0.533737 -0.355445 0.393366 -0.989517 -2.538252 -0.847960 99.336998 422.346367
-1.431341 -0.325207 0.023414 -0.163867 11.953788 4.189986 4.370420 -0.758039 2.191385 -2.926983 -2.138936 0.120470 0.496672 -0.163855 -0.283591 0.673547 -7.091245 -8.991929 -0.182336 181.988022 407.765697
-1.569684 2.454921 2.114576 -0.367344 12.131495 4.316777 4.317698 -0.767186 1.944402 -1.724320 -1.202142 0.092080 0.501870 -0.405848 -0.288777 0.423390 -0.923539 -3.025058 -1.122897 660.634521 403.432906
-1.632797 -1.107647 -1.446824 0.309081 12.050702 2.379690 2.205668 -0.265385 2.046677 -3.709402 -3.139991 0.405815 0.540116 -0.138708 -0.136908 0.412062 -0.921230 -1.334517 -0.203397 82.477760 417.021204
-1.492316 0.503044 0.380738 -0.117622 11.983702 4.560312 4.673911 -0.839566 2.152988 -3.531166 -2.998317 0.373495 0.519525 -0.371286 -0.294053 0.378468 -1.088919 -0.728347 -0.071603 161.410553 391.536492
-1.345500 1.742715 1.630034 -0.303147 12.040091 4.575966 4.550733 -0.771573 2.070301 -2.127151 -1.514616 0.123234 0.476442 -0.607744 -0.410156 0.400273 -1.317163 -4.339563 -1.735754 114.624443 415.103971
-1.537239 -0.577862 -0.920763 0.205418 12.049452 2.827584 2.859475 -0.465172 2.008693 -2.507658 -2.162397 0.282872 0.538963 -0.302379 -0.221190 0.426314 -0.814837 -0.921663 -0.142270 91.386894 401.372369
-1.540240 -0.379711 -0.712021 0.171736 12.019336 3.429622 3.323591 -0.476356 2.084053 -2.334803 -2.015115 0.221451 0.495381 -0.339024 -0.254709 0.310842 -1.048987 -2.157140 -0.654302 81.443047 417.657585
-1.486140 1.543463 1.287394 -0.258475 12.090857 4.961752 4.781429 -0.790823 1.928285 -3.090200 -2.360115 0.254341 0.505629 -0.741958 -0.445361 0.342534 -0.896729 -1.926074 -0.625740 138.939056 402.935044
-1.545102 0.292449 0.043452 0.048600 12.072543 3.255326 3.106944 -0.470282 2.076732 -2.941789 -2.324916 0.270831 0.488507 -0.468614 -0.339881 0.344969 -0.969728 -2.002370 -0.616890 100.473083 412.437022
-1.463083 1.700750 1.601462 -0.341266 12.081403 4.721286 4.643304 -0.780417 2.010768 -2.370409 -1.612921 0.087148 0.490248 -0.621357 -0.406049 0.389500 -1.031767 -3.205793 -1.212055 108.155624 403.080614
-1.565271 -0.699692 -0.806340 0.124614 12.072963 3.875313 3.737813 -0.615979 1.997439 -4.380430 -3.405675 0.411064 0.480896 -0.274030 -0.254644 0.288370 -1.047974 -0.840378 -0.116386 168.975571 395.085388
-1.463487 -0.812976 -0.974769 0.154100 11.979709 2.133814 2.292639 -0.367511 2.062783 -3.111227 -2.604116 0.312265 0.540209 -0.168832 -0.204598 0.344196 -0.882220 -0.918994 -0.121796 138.180725 413.075010
-1.484298 -1.010798 -1.285532 0.254572 12.046572 4.365077 4.059951 -0.609365 1.991378 -5.494339 -4.530370 0.619887 0.480397 -0.269952 -0.182210 0.400473 -1.142558 -1.130692 -0.119563 106.356506 427.797180
-1.598001 -2.681218 -2.732020 0.504249 12.009990 1.419067 1.561159 -0.241026 2.045873 -4.659002 -3.921409 0.537654 0.485388 0.091618 -0.104106 0.339818 -1.050587 -0.950274 -0.076008 204.066010 404.923498
-1.436931 -2.035133 -1.966839 0.262404 12.034314 2.622875 2.520603 -0.381160 1.959086 -5.270371 -4.084757 0.479380 0.496376 0.058288 -0.096367 0.287042 -1.191867 -1.046623 -0.008250 254.946777 411.564089
-1.481696 0.134710 0.212153 -0.117631 12.005937 3.284220 3.240815 -0.494759 2.003001 -2.804444 -2.007243 0.147842 0.530667 -0.272415 -0.262380 0.382859 -0.775386 0.005988 0.013643 87.376923 401.812057
-1.522177 0.384448 0.405505 -0.149629 11.940713 4.760355 4.897292 -0.876497 2.156210 -3.081901 -2.378002 0.232489 0.501076 -0.307242 -0.322236 1222.017822 -522.158020 505.802246 -783.035645 400.916443 400.455640
-1.433588 0.167355 -0.037844 0.018017 12.081219 3.896340 3.723570 -0.570757 2.019619 -3.275636 -2.506952 0.266761 0.426288 -0.500971 -0.345348 0.351177 -1.318587 -2.418156 -0.688066 118.356674 399.410572
-1.465679 1.363361 1.290369 -0.262252 12.077055 4.137816 3.980467 -0.637347 1.983582 -3.606136 -2.555835 0.236165 0.537591 -0.507870 -0.364245 0.387126 -0.934787 -2.393861 -0.991735 107.491989 396.337214
-1.470622 1.081723 0.552909 -0.026363 12.031242 2.368949 2.364382 -0.327942 2.003776 -1.311425 -0.972578 0.074082 0.485267 -0.489615 -0.303313 0.379184 -0.800392 -2.322926 -0.846127 113.188934 421.624288
-1.387160 -1.048172 -1.232352 0.227504 12.040170 3.772927 3.657412 -0.563270 2.069517 -4.379693 -3.719563 0.511079 0.490923 -0.235172 -0.217913 0.362207 -1.152643 -1.280829 -0.213935 82.981689 399.351891
-1.518250 1.833551 1.635807 -0.329955 12.062001 4.850862 4.489646 -0.655983 2.031498 -2.997249 -2.165996 0.166377 0.482094 -0.807991 -0.470371 0.328499 -1.414453 -4.309862 -1.427970 112.824722 399.140020
-1.596879 1.015502 0.603718 -0.026675 12.062207 4.273034 4.002837 -0.593542 2.070476 -3.447560 -2.801895 0.352236 0.472043 -0.711373 -0.395107 0.392317 -1.215166 -3.431396 -1.155906 110.649155 396.853863
-1.559308 2.797443 2.383713 -0.416313 12.101974 4.988347 4.772908 -0.811246 1.956177 -3.020871 -2.058609 0.175350 0.513510 -0.987009 -0.568585 0.492624 -0.891073 -3.065447 -1.161151 498.151733 402.007329
-1.512009 0.302759 0.099550 0.000268 12.026647 1.096806 0.602156 0.177943 1.880059 -4.376446 -3.126768 0.302306 0.551104 -0.591080 -0.382883 0.337267 -0.779479 -1.904090 -0.754532 6541.278809 404.954719
-1.515419 1.429547 1.121701 -0.185297 12.140596 3.862223 3.573781 -0.544011 1.912307 -3.531317 -2.510251 0.252066 0.456515 -0.672344 -0.415200 0.405460 -1.087996 -3.015420 -0.993000 143.174347 404.122785
-1.489117 0.534939 0.245025 -0.024377 12.089603 3.057361 2.751207 -0.314096 2.005188 -2.924906 -2.311483 0.239540 0.471374 -0.576820 -0.365353 0.365777 -1.093392 -2.371366 -0.654419 126.948967 403.048902
-1.462503 -0.636959 -0.624176 0.066548 11.976700 2.934278 3.045888 -0.510352 2.112036 -3.763652 -2.967105 0.327881 0.520055 -0.207246 -0.263485 0.256425 -1.149450 -1.025070 -0.118788 203.116760 396.901707
-1.485150 2.172617 1.839838 -0.343396 12.087433 4.584022 4.603364 -0.823862 1.946049 -1.941484 -1.442637 0.125491 0.511164 -0.763532 -0.471873 0.386168 -0.961742 -2.884078 -0.983342 173.698532 388.476006
-1.402901 -0.303663 -0.898009 0.284365 12.034765 2.072602 2.032708 -0.255423 1.937048 -1.776747 -1.493814 0.193165 0.514807 -0.271551 -0.183961 0.410625 -0.881518 -1.833633 -0.469709 101.200584 422.031564
-1.433848 3.415074 2.840026 -0.477831 12.086958 4.262313 4.077055 -0.652469 1.911502 -0.767558 -0.324184 -0.070853 0.510667 -1.116322 -0.576341 0.428850 -0.884242 -3.452081 -1.268172 167.843475 414.285812
-1.866255 0.106640 -0.410088 0.211835 11.931338 1.894483 2.147671 -0.349257 2.130280 -3.971009 -3.243995 0.421987 0.511253 -0.142064 -0.352920 106.754189 -0.434460 -1.046772 -0.331577 1001.451904 404.291981
-1.423865 -0.682632 -1.093918 0.254948 12.057564 2.439859 2.340587 -0.317576 2.012135 -1.729041 -1.463894 0.161194 0.465502 -0.236689 -0.183527 0.407443 -1.102779 -2.125368 -0.524312 112.958710 420.646781
-1.511365 1.970577 1.686921 -0.304268 12.133184 3.998387 3.655824 -0.539048 1.937876 -2.735161 -1.767570 0.107074 0.491474 -0.764607 -0.445039 0.429021 -0.880162 -2.498467 -0.909545 119.971893 397.028171
-1.666390 -2.370556 -2.833665 0.607685 12.000532 2.108975 2.077720 -0.287773 2.019640 -3.758033 -3.451180 0.529143 0.513580 0.020620 -0.039735 0.386058 -0.882397 -1.159155 -0.168080 101.059204 416.277833
-1.475716 -0.468418 -0.638102 0.128311 12.014187 2.046297 1.946699 -0.215900 2.097955 -2.760649 -2.219986 0.242962 0.498910 -0.236636 -0.235412 0.313822 -1.152288 -1.846314 -0.474674 111.968117 410.444885
-1.484391 0.875280 0.841039 -0.216692 12.033858 4.752978 4.611243 -0.762671 2.043552 -3.661726 -2.729320 0.267696 0.506532 -0.580697 -0.401006 0.370843 -1.052940 -2.148350 -0.848776 95.282593 400.103847
-1.587723 0.390913 -0.025454 0.073493 12.032521 1.883486 1.901052 -0.282936 2.016667 -2.592800 -1.879612 0.191416 0.549260 -0.415834 -0.293310 0.389846 -0.756781 -1.517143 -0.455491 116.281219 398.066086
-1.359213 -0.351753 -0.134238 -0.067177 11.974859 4.800875 5.108956 -0.961820 2.189826 -3.715043 -3.082282 0.387151 0.518220 0.026987 -0.242066 0.067543 -5.829414 -2.322831 -3.505121 795.543884 407.539887
-1.447169 1.015939 0.857297 -0.202888 12.017162 4.736957 4.810293 -0.860600 2.108985 -2.424135 -1.885116 0.167315 0.483713 -0.386815 -0.284875 0.376241 -0.974068 -0.426538 -0.048945 190.038803 392.714171
-1.629990 -1.960253 -2.177114 0.421168 11.985788 1.145597 1.150835 -0.076378 2.014842 -2.966830 -2.570091 0.325168 0.544681 0.084646 -0.057082 0.414775 -0.779605 -0.591951 -0.057960 101.871887 415.178366
-1.564318 1.145194 0.717390 -0.087665 12.069305 2.612467 2.516273 -0.372925 1.998785 -2.528228 -1.951860 0.213610 0.458073 -0.780639 -0.466261 0.363445 -1.032791 -2.556686 -0.723113 168.885010 412.907402
-1.456938 -0.890999 -0.555057 -0.045190 11.977731 3.706635 3.775209 -0.642500 2.092247 -4.182405 -3.050022 0.273043 0.496431 -0.112270 -0.230801 0.655209 -6.457736 -8.120777 -0.165009 170.581055 402.889220
-1.514440 -1.205874 -1.041970 0.152353 12.018400 3.095048 3.051898 -0.419878 2.068665 -3.660622 -2.880089 0.323968 0.496259 -0.191708 -0.307196 0.209521 -2.807292 -8.744411 -2.527353 256.896698 401.591947
-1.377517 1.545909 1.197059 -0.173256 11.998621 3.040445 3.310424 -0.590068 2.087988 -1.387876 -1.277159 0.173819 0.497492 -0.477079 -0.328713 0.432557 -1.132551 -3.533248 -1.214032 97.069931 429.488413
-1.501245 0.616451 0.312837 -0.100454 12.047633 3.703858 3.797522 -0.672515 1.955660 -2.167701 -1.625180 0.116107 0.518320 -0.317508 -0.236315 0.396190 -0.786990 -0.902762 -0.155444 213.355988 420.368301
-1.279368 0.898409 0.659313 -0.155395 11.894160 1.656680 2.772172 -0.680851 2.332425 -0.085141 -0.586445 0.111932 0.356208 -0.762881 -0.325249 0.851842 -2.868693 0.194541 -0.459663 9472.456055 405.366304
