-2.793	0.630
-2.771	0.479
-2.742	0.134
-2.739	0.432
-2.734	0.500
-2.712	0.259
-2.704	0.541
-2.696	0.615
-2.650	0.317
-2.631	0.176
-2.620	0.620
-2.580	0.437
-2.580	0.635
-2.553	0.264
-2.550	0.520
-2.512	0.510
-2.512	0.473
-2.491	0.520
-2.483	0.416
-2.442	0.557
-2.412	0.510
-2.412	0.557
-2.410	0.578
-2.364	0.322
-2.353	0.489
-2.350	0.087
-2.323	0.379
-2.321	0.515
-2.280	0.264
-2.253	0.317
-2.253	0.343
-2.232	0.400
-2.202	0.270
-2.191	0.322
-2.183	0.270
-2.175	0.536
-2.143	0.165
-2.134	0.520
-2.129	0.249
-2.121	0.369
-2.110	0.458
-2.102	0.306
-2.083	0.421
-2.083	0.259
-2.080	0.348
-2.072	0.191
-2.059	0.547
-2.053	-0.080
-1.991	0.437
-1.981	0.379
-1.970	0.076
-1.964	0.285
-1.962	0.249
-1.954	0.447
-1.932	0.296
-1.929	-0.190
-1.929	0.364
-1.913	-0.655
-1.910	0.437
-1.902	0.338
-1.881	0.709
-1.848	0.379
-1.832	0.541
-1.832	0.484
-1.832	0.385
-1.824	0.108
-1.813	0.291
-1.792	0.291
-1.781	0.453
-1.762	0.400
-1.759	-0.112
-1.751	0.280
-1.743	0.609
-1.732	0.453
-1.730	0.311
-1.713	0.332
-1.711	0.500
-1.711	0.567
-1.703	0.416
-1.694	0.087
-1.692	0.118
-1.684	0.338
-1.673	0.322
-1.673	0.254
-1.654	0.432
-1.643	0.541
-1.643	0.181
-1.632	0.233
-1.632	0.400
-1.589	0.557
-1.589	0.358
-1.584	0.275
-1.581	0.520
-1.581	0.306
-1.581	0.254
-1.573	0.134
-1.570	0.108
-1.570	0.071
-1.551	0.531
-1.543	0.557
-1.541	0.285
-1.505	0.411
-1.503	0.244
-1.492	0.557
-1.492	0.400
-1.481	0.411
-1.473	0.489
-1.473	0.353
-1.470	0.144
-1.462	0.541
-1.460	0.285
-1.452	0.207
-1.441	0.129
-1.411	0.390
-1.392	0.327
-1.373	0.264
-1.338	0.505
-1.322	0.264
-1.300	0.358
-1.290	0.055
-1.263	0.630
-1.263	0.500
-1.260	0.583
-1.260	0.479
-1.260	0.411
-1.260	0.358
-1.252	0.306
-1.230	0.500
-1.230	0.280
-1.211	0.306
-1.192	0.228
-1.173	0.207
-1.171	0.181
-1.171	0.327
-1.163	0.196
-1.163	0.087
-1.152	0.181
-1.141	0.406
-1.122	0.233
-1.122	0.317
-1.122	0.379
-1.120	0.076
-1.120	0.285
-1.103	0.186
-1.101	0.453
-1.082	0.358
-1.079	0.202
-1.041	0.453
-1.041	0.280
-1.030	0.400
-1.020	0.348
-1.001	0.552
-0.985	0.416
-0.982	0.473
-0.971	0.364
-0.968	0.489
-0.968	0.547
-0.963	0.416
-0.960	0.494
-0.941	0.181
-0.939	0.458
-0.931	0.139
-0.931	0.296
-0.931	0.348
-0.912	0.139
-0.912	0.411
-0.912	0.395
-0.909	0.306
-0.901	0.379
-0.901	0.395
-0.893	0.322
-0.879	0.301
-0.879	0.238
-0.879	0.531
-0.860	0.285
-0.858	0.343
-0.850	0.238
-0.844	0.270
-0.836	0.395
-0.833	0.338
-0.833	0.275
-0.831	0.400
-0.825	0.395
-0.823	0.348
-0.820	0.426
-0.820	0.311
-0.812	0.416
-0.801	0.207
-0.782	0.343
-0.782	0.379
-0.782	0.390
-0.771	0.364
-0.761	0.447
-0.761	0.254
-0.755	0.369
-0.752	0.447
-0.752	0.285
-0.752	0.264
-0.742	0.463
-0.736	0.437
-0.734	0.217
-0.720	0.379
-0.720	0.087
-0.712	0.244
-0.712	0.426
-0.712	0.066
-0.701	0.259
-0.701	0.338
-0.690	0.301
-0.680	0.317
-0.677	0.358
-0.674	0.160
-0.669	0.270
-0.669	0.139
-0.661	0.249
-0.661	0.134
-0.658	0.432
-0.655	0.332
-0.655	0.228
-0.653	0.301
-0.653	0.066
-0.650	0.463
-0.650	0.317
-0.650	0.196
-0.650	0.087
-0.642	0.432
-0.642	0.343
-0.642	0.212
-0.642	0.134
-0.639	0.395
-0.639	0.317
-0.639	0.155
-0.634	0.264
-0.631	0.505
-0.631	0.369
-0.631	0.196
-0.631	0.244
-0.631	0.306
-0.628	0.118
-0.623	0.348
-0.623	0.196
-0.623	0.233
-0.623	0.092
-0.620	0.291
-0.620	0.176
-0.620	0.035
-0.615	0.160
-0.599	0.118
-0.593	0.306
-0.593	0.181
-0.593	0.259
-0.590	0.369
-0.590	0.144
-0.590	0.212
-0.585	0.113
-0.582	0.348
-0.582	0.379
-0.580	0.395
-0.580	0.160
-0.580	0.092
-0.577	0.191
-0.572	0.348
-0.569	0.076
-0.561	0.270
-0.561	0.238
-0.561	0.212
-0.561	0.191
-0.558	0.097
-0.550	0.223
-0.550	0.087
-0.542	0.207
-0.542	0.160
-0.542	0.092
-0.542	0.311
-0.539	0.139
-0.539	0.118
-0.531	0.118
-0.528	0.061
-0.526	0.348
-0.520	0.212
-0.518	0.118
-0.518	0.087
-0.518	0.468
-0.512	0.087
-0.509	0.275
-0.504	0.129
-0.501	0.212
-0.493	0.076
-0.488	0.061
-0.482	0.233
-0.482	0.102
-0.480	0.118
-0.480	0.144
-0.477	0.327
-0.477	0.306
-0.472	0.071
-0.469	0.040
-0.464	0.296
-0.464	0.082
-0.464	0.102
-0.461	0.358
-0.461	0.170
-0.450	0.139
-0.450	0.087
-0.450	0.076
-0.447	0.176
-0.447	0.108
-0.442	0.311
-0.442	0.076
-0.442	0.097
-0.442	0.113
-0.437	0.061
-0.431	0.082
-0.429	0.134
-0.429	0.108
-0.423	0.358
-0.423	0.066
-0.420	0.348
-0.420	0.108
-0.420	0.055
-0.420	0.029
-0.418	0.082
-0.412	0.035
-0.412	0.024
-0.412	0.076
-0.412	0.092
-0.410	0.327
-0.402	0.369
-0.402	0.165
-0.402	0.097
-0.399	0.186
-0.399	0.259
-0.399	0.113
-0.391	0.134
-0.391	0.092
-0.391	0.071
-0.391	0.050
-0.391	0.035
-0.391	-0.033
-0.388	0.186
-0.388	0.244
-0.388	0.123
-0.388	0.008
-0.383	0.317
-0.383	0.003
-0.383	0.108
-0.383	0.087
-0.380	0.416
-0.380	0.212
-0.375	0.149
-0.372	-0.049
-0.372	0.019
-0.372	0.102
-0.369	0.196
-0.369	-0.007
-0.366	0.160
-0.364	0.029
-0.361	0.118
-0.361	0.097
-0.350	0.228
-0.350	0.045
-0.350	0.066
-0.350	0.082
-0.350	0.097
-0.350	0.108
-0.350	0.144
-0.342	0.238
-0.339	0.050
-0.339	0.082
-0.334	0.055
-0.331	0.238
-0.331	0.113
-0.329	0.338
-0.323	0.149
-0.323	-0.002
-0.321	0.113
-0.321	0.076
-0.321	0.040
-0.321	0.061
-0.318	0.134
-0.312	0.035
-0.312	0.076
-0.312	0.092
-0.310	0.160
-0.307	0.055
-0.304	0.071
-0.302	0.238
-0.302	0.228
-0.302	0.108
-0.299	0.155
-0.291	0.207
-0.291	0.102
-0.291	0.061
-0.291	0.029
-0.291	0.014
-0.291	-0.007
-0.283	0.186
-0.283	0.113
-0.283	0.092
-0.280	0.076
-0.277	-0.033
-0.275	0.050
-0.272	0.186
-0.272	-0.007
-0.269	0.024
-0.269	0.071
-0.264	0.191
-0.264	0.170
-0.261	0.087
-0.258	0.003
-0.253	0.134
-0.250	0.055
-0.248	0.118
-0.248	0.097
-0.248	0.076
-0.242	0.003
-0.242	0.024
-0.242	0.040
-0.242	0.061
-0.242	0.076
-0.242	0.092
-0.234	0.113
-0.234	0.087
-0.234	0.186
-0.231	0.076
-0.231	0.055
-0.231	0.035
-0.223	0.045
-0.223	0.071
-0.223	-0.065
-0.221	0.003
-0.221	0.092
-0.221	0.196
-0.218	-0.033
-0.213	0.087
-0.210	0.181
-0.210	0.061
-0.210	-0.002
-0.207	0.040
-0.202	0.186
-0.202	0.066
-0.202	0.003
-0.199	0.092
-0.199	-0.013
-0.196	0.019
-0.191	0.055
-0.191	0.071
-0.191	0.092
-0.191	-0.002
-0.188	-0.039
-0.180	0.129
-0.180	0.097
-0.180	0.087
-0.180	0.055
-0.180	0.040
-0.177	0.076
-0.175	0.176
-0.172	-0.075
-0.172	0.019
-0.169	0.228
-0.169	0.160
-0.169	0.092
-0.167	0.102
-0.161	0.087
-0.161	0.066
-0.161	0.024
-0.159	-0.070
-0.159	0.035
-0.150	0.066
-0.150	0.113
-0.148	-0.023
-0.148	0.040
-0.140	0.003
-0.140	0.024
-0.137	0.061
-0.132	0.134
-0.132	0.165
-0.123	-0.107
-0.121	0.144
-0.121	0.055
-0.121	0.071
-0.121	0.008
-0.115	0.123
-0.113	0.092
-0.113	0.055
-0.110	0.186
-0.107	-0.044
-0.107	-0.065
-0.099	-0.007
-0.099	-0.049
-0.094	0.055
-0.088	-0.002
-0.086	0.160
-0.083	0.129
-0.083	0.040
-0.080	-0.023
-0.072	0.003
-0.070	0.055
-0.067	0.071
-0.059	0.029
-0.059	0.014
-0.059	-0.007
-0.056	0.040
-0.056	-0.023
-0.053	0.003
-0.051	0.071
-0.051	-0.080
-0.045	0.045
-0.043	0.144
-0.043	0.155
-0.040	0.129
-0.032	0.076
-0.032	0.123
-0.024	0.108
-0.021	-0.060
-0.021	-0.028
-0.021	-0.002
-0.021	0.082
-0.018	0.029
-0.018	0.055
-0.013	0.108
-0.007	0.082
-0.007	0.066
-0.005	0.014
-0.005	0.035
-0.002	0.113
-0.002	0.102
-0.002	0.003
0.003	0.149
0.006	0.082
0.011	0.134
0.011	0.050
0.014	0.108
0.017	0.165
0.022	0.003
0.030	-0.028
0.030	0.061
0.030	0.040
0.030	0.024
0.030	0.092
0.036	-0.060
0.038	0.019
0.038	0.050
0.038	0.108
0.041	0.061
0.041	0.129
0.047	-0.023
0.047	0.008
0.049	-0.039
0.055	0.202
0.057	0.191
0.060	0.207
0.063	0.212
0.063	0.108
0.068	0.076
0.074	-0.018
0.087	-0.018
0.090	0.207
0.090	0.160
0.090	0.118
0.092	0.087
0.092	0.076
0.098	0.264
0.098	-0.002
0.101	0.024
0.101	0.134
0.109	0.076
0.111	0.113
0.117	0.076
0.119	0.055
0.119	0.040
0.119	0.029
0.119	0.139
0.119	0.118
0.128	-0.002
0.128	0.071
0.130	0.040
0.130	0.024
0.130	0.102
0.133	0.035
0.141	0.029
0.141	0.008
0.141	0.196
0.141	0.097
0.149	0.134
0.157	0.008
0.160	0.097
0.182	0.076
0.190	0.055
0.195	0.113
