# Peroux & Howk (2020) doi 10.1146
# [O/H] | log10(DTM) | zlow | zhigh | upper limit?
7.9553	-1.39170	0.30000	2.00000	0
8.2249	-1.18660	0.30000	2.00000	0
7.5870	-0.93669	0.30000	2.00000	0
7.6880	-0.91671	0.30000	2.00000	0
7.4645	-0.72557	0.30000	2.00000	0
7.4980	-0.75193	0.30000	2.00000	0
8.0241	-0.90955	0.30000	2.00000	0
8.1587	-0.87631	0.30000	2.00000	0
8.1364	-0.82352	0.30000	2.00000	0
8.0132	-0.81712	0.30000	2.00000	0
8.0583	-0.74440	0.30000	2.00000	0
7.8007	-0.71181	0.30000	2.00000	0
7.8456	-0.67872	0.30000	2.00000	0
7.8569	-0.63907	0.30000	2.00000	0
7.8906	-0.61921	0.30000	2.00000	0
7.9687	-0.70493	0.30000	2.00000	0
7.9912	-0.67847	0.30000	2.00000	0
7.8236	-0.54007	0.30000	2.00000	0
7.7788	-0.52694	0.30000	2.00000	0
8.2600	-0.71105	0.30000	2.00000	0
8.3048	-0.71758	0.30000	2.00000	0
8.4058	-0.69100	0.30000	2.00000	0
8.4840	-0.75030	0.30000	2.00000	0
8.0363	-0.59915	0.30000	2.00000	0
8.0811	-0.59248	0.30000	2.00000	0
8.0698	-0.63212	0.30000	2.00000	0
8.1258	-0.64523	0.30000	2.00000	0
8.1818	-0.64514	0.30000	2.00000	0
8.2269	-0.57243	0.30000	2.00000	0
8.2718	-0.55254	0.30000	2.00000	0
8.1264	-0.46693	0.30000	2.00000	0
8.3390	-0.53262	0.30000	2.00000	0
8.3503	-0.50618	0.30000	2.00000	0
8.5402	-0.71059	0.30000	2.00000	0
8.5739	-0.67091	0.30000	2.00000	0
8.6636	-0.63774	0.30000	2.00000	0
8.6189	-0.62461	0.30000	2.00000	0
8.5181	-0.59836	0.30000	2.00000	0
8.5520	-0.52566	0.30000	2.00000	0
8.5184	-0.51911	0.30000	2.00000	0
8.5520	-0.50585	0.30000	2.00000	0
8.4738	-0.44655	0.30000	2.00000	0
8.5298	-0.44645	0.30000	2.00000	0
8.4962	-0.43330	0.30000	2.00000	0
8.7424	-0.52535	0.30000	2.00000	0
8.6971	-0.69052	0.30000	2.00000	0
8.9101	-0.64394	0.30000	2.00000	0
8.9665	-0.51837	0.30000	2.00000	0
8.8882	-0.48548	0.30000	2.00000	0
8.9442	-0.48539	0.30000	2.00000	0
8.7761	-0.51208	0.30000	2.00000	0
9.2467	-0.51791	0.30000	2.00000	0
9.6617	-0.35874	0.30000	2.00000	0
7.0928	-1.3271		0.30000	2.00000	0
7.3389	-1.4588		0.30000	2.00000	0
7.5966	-1.4518		0.30000	2.00000	0
7.9327	-1.4578		0.30000	2.00000	0
7.3389	-1.4654		0.30000	2.00000	1
7.6078	-1.4650		0.30000	2.00000	1
7.9439	-1.4644		0.30000	2.00000	1
6.4022	-1.4415		2.00000	3.00000	0
6.4246	-1.3953		2.00000	3.00000	0
6.5475	-1.3292		2.00000	3.00000	0
6.7709	-1.2368		2.00000	3.00000	0
7.0615	-1.2368		2.00000	3.00000	0
7.2179	-1.2632		2.00000	3.00000	0
7.3631	-1.2368		2.00000	3.00000	0
7.3408	-1.3292		2.00000	3.00000	0
7.4078	-1.3953		2.00000	3.00000	0
7.6872	-1.3292		2.00000	3.00000	0
7.4860	-1.2368		2.00000	3.00000	0
7.4860	-1.1906		2.00000	3.00000	0
7.5196	-1.1245		2.00000	3.00000	0
7.6313	-1.1245		2.00000	3.00000	0
7.5642	-1.0387		2.00000	3.00000	0
7.0726	-1.1245		2.00000	3.00000	0
7.0503	-1.0915		2.00000	3.00000	0
7.1061	-1.0981		2.00000	3.00000	0
7.1285	-1.0915		2.00000	3.00000	0
7.1844	-1.0321		2.00000	3.00000	0
7.0838	-0.94623	2.00000	3.00000	0
7.1955	-1.0057		2.00000	3.00000	0
7.2179	-0.97264	2.00000	3.00000	0
7.2291	-1.0387		2.00000	3.00000	0
7.2737	-1.0453		2.00000	3.00000	0
7.3073	-1.0387		2.00000	3.00000	0
7.3296	-1.0057		2.00000	3.00000	0
7.2067	-0.89340	2.00000	3.00000	0
7.2849	-0.85377	2.00000	3.00000	0
7.1061	-0.82736	2.00000	3.00000	0
7.0950	-0.80094	2.00000	3.00000	0
7.1620	-0.77453	2.00000	3.00000	0
6.9050	-0.74151	2.00000	3.00000	0
6.6145	-0.84717	2.00000	3.00000	0
7.3743	-0.92642	2.00000	3.00000	0
7.4525	-0.93962	2.00000	3.00000	0
7.4525	-0.89340	2.00000	3.00000	0
7.4078	-0.87358	2.00000	3.00000	0
7.4078	-0.90660	2.00000	3.00000	0
7.4637	-0.84717	2.00000	3.00000	0
7.5196	-0.78113	2.00000	3.00000	0
7.5531	-0.81415	2.00000	3.00000	0
7.5531	-0.85377	2.00000	3.00000	0
7.6536	-0.85377	2.00000	3.00000	0
7.7095	-0.78113	2.00000	3.00000	0
7.7095	-0.81415	2.00000	3.00000	0
7.7207	-0.84717	2.00000	3.00000	0
7.7654	-0.84057	2.00000	3.00000	0
7.7430	-0.88679	2.00000	3.00000	0
7.6648	-0.93962	2.00000	3.00000	0
7.7095	-0.97264	2.00000	3.00000	0
7.5531	-0.97264	2.00000	3.00000	0
7.5866	-0.93962	2.00000	3.00000	0
7.8994	-0.99906	2.00000	3.00000	0
8.0223	-0.93962	2.00000	3.00000	0
8.1341	-0.80755	2.00000	3.00000	0
8.1676	-0.80094	2.00000	3.00000	0
8.2905	-0.77453	2.00000	3.00000	0
7.9441	-0.75472	2.00000	3.00000	0
8.0000	-0.75472	2.00000	3.00000	0
7.7430	-0.49717	2.00000	3.00000	0
7.8101	-0.60283	2.00000	3.00000	0
7.8994	-0.61604	2.00000	3.00000	0
7.9888	-0.56321	2.00000	3.00000	0
8.0894	-0.64245	2.00000	3.00000	0
8.1341	-0.53679	2.00000	3.00000	0
8.1453	-0.51038	2.00000	3.00000	0
8.2123	-0.49057	2.00000	3.00000	0
8.2793	-0.51698	2.00000	3.00000	0
8.3464	-0.49717	2.00000	3.00000	0
8.4581	-0.47736	2.00000	3.00000	0
8.5698	-0.51038	2.00000	3.00000	0
8.5698	-0.53019	2.00000	3.00000	0
8.6034	-0.58962	2.00000	3.00000	0
8.8380	-0.53019	2.00000	3.00000	0
8.8715	-0.52358	2.00000	3.00000	0
8.8045	-0.61604	2.00000	3.00000	0
8.7039	-0.66887	2.00000	3.00000	0
8.6816	-0.66887	2.00000	3.00000	0
8.4469	-0.73491	2.00000	3.00000	0
8.4916	-0.80755	2.00000	3.00000	0
8.3240	-0.71509	2.00000	3.00000	0
8.2793	-0.60283	2.00000	3.00000	0
8.2235	-0.64906	2.00000	3.00000	0
8.2905	-0.64245	2.00000	3.00000	0
8.3687	-0.63585	2.00000	3.00000	0
8.4022	-0.62264	2.00000	3.00000	0
8.4134	-0.64906	2.00000	3.00000	0
8.4804	-0.63585	2.00000	3.00000	0
8.4916	-0.58962	2.00000	3.00000	0
7.4078	-0.64245	2.00000	3.00000	0
7.4190	-0.60943	2.00000	3.00000	0
7.4525	-0.58302	2.00000	3.00000	0
7.3855	-0.56981	2.00000	3.00000	0
7.4413	-0.41132	2.00000	3.00000	0
9.1285	-0.34528	2.00000	3.00000	0
9.7318	-0.33208	2.00000	3.00000	0
6.6257	-1.46790	2.00000	3.00000	1	
6.7374	-1.46790	2.00000	3.00000	1
6.7933	-1.46790	2.00000	3.00000	1
6.8715	-1.46790	2.00000	3.00000	1
6.9050	-1.46790	2.00000	3.00000	1
7.0168	-1.46790	2.00000	3.00000	1
7.0615	-1.46790	2.00000	3.00000	1
7.1173	-1.46790	2.00000	3.00000	1
7.1620	-1.46790	2.00000	3.00000	1
7.1844	-1.46790	2.00000	3.00000	1
7.3184	-1.46790	2.00000	3.00000	1
7.4860	-1.46790	2.00000	3.00000	1
7.4637	-1.46790	2.00000	3.00000	1
7.6089	-1.46790	2.00000	3.00000	1
7.6872	-1.46790	2.00000	3.00000	1
6.9050	-1.4349		3.00000	4.00000	0
6.9050	-1.3953		3.00000	4.00000	0
6.9609	-1.3953		3.00000	4.00000	0
6.9385	-1.2632		3.00000	4.00000	0
6.8603	-1.2368		3.00000	4.00000	0
7.1508	-1.1377		3.00000	4.00000	0
7.2402	-1.3094		3.00000	4.00000	0
7.2849	-1.3292		3.00000	4.00000	0
7.2737	-1.3491		3.00000	4.00000	0
7.2514	-1.3953		3.00000	4.00000	0
7.2179	-1.4481		3.00000	4.00000	0
7.0615	-0.91981	3.00000	4.00000	0
6.8603	-0.60283	3.00000	4.00000	0
7.3631	-0.97264	3.00000	4.00000	0
7.4078	-0.72830	3.00000	4.00000	0
7.2402	-0.60283	3.00000	4.00000	0
7.4413	-0.77453	3.00000	4.00000	0
7.3631	-0.80755	3.00000	4.00000	0
7.4190	-0.76792	3.00000	4.00000	0
7.4749	-0.84717	3.00000	4.00000	0
7.5196	-0.91981	3.00000	4.00000	0
7.5642	-0.88019	3.00000	4.00000	0
7.7207	-0.80755	3.00000	4.00000	0
7.7989	-0.84057	3.00000	4.00000	0
7.8212	-0.78774	3.00000	4.00000	0
7.8771	-0.80094	3.00000	4.00000	0
8.1117	-0.85377	3.00000	4.00000	0
7.9553	-0.74151	3.00000	4.00000	0
7.9441	-0.70849	3.00000	4.00000	0
7.7989	-0.66887	3.00000	4.00000	0
7.7095	-0.61604	3.00000	4.00000	0
7.8324	-0.56321	3.00000	4.00000	0
8.0782	-0.61604	3.00000	4.00000	0
8.1341	-0.64245	3.00000	4.00000	0
8.2235	-0.66226	3.00000	4.00000	0
8.2458	-0.75472	3.00000	4.00000	0
8.3687	-0.82736	3.00000	4.00000	0
8.6145	-0.55660	3.00000	4.00000	0
8.5922	-0.54340	3.00000	4.00000	0
8.6592	-0.46415	3.00000	4.00000	0
8.0223	-0.42453	3.00000	4.00000	0
6.7374	-1.46790	3.00000	4.00000	1
6.8268	-1.46790	3.00000	4.00000	1
6.9162	-1.46790	3.00000	4.00000	1
7.0503	-1.46790	3.00000	4.00000	1
7.1508	-1.46790	3.00000	4.00000	1
7.6536	-1.46790	3.00000	4.00000	1
6.4090	-1.4547		4.00000	5.30000	0
6.9460	-1.2104		4.00000	5.30000	0
6.8562	-1.1642		4.00000	5.30000	0
7.1363	-1.1642		4.00000	5.30000	0
7.0123	-0.91321	4.00000	5.30000	0
7.2026	-0.86038	4.00000	5.30000	0
7.1350	-0.75472	4.00000	5.30000	0
7.3930	-0.84717	4.00000	5.30000	0
7.4375	-0.74811	4.00000	5.30000	0
7.4710	-0.71509	4.00000	5.30000	0
7.6164	-0.60943	4.00000	5.30000	0
7.8852	-0.57642	4.00000	5.30000	0
7.9639	-0.66226	4.00000	5.30000	0
8.3563	-0.76132	4.00000	5.30000	0
7.6172	-0.88019	4.00000	5.30000	0
6.6539	-0.97264	4.00000	5.30000	0
6.7564	-1.46790	4.00000	5.30000	1
6.8236	-1.46790	4.00000	5.30000	1
7.0477	-1.46790	4.00000	5.30000	1
7.1149	-1.46790	4.00000	5.30000	1
7.1597	-1.46790	4.00000	5.30000	1
7.3390	-1.46790	4.00000	5.30000	1
7.3838	-1.46790	4.00000	5.30000	1
7.7312	-1.46790	4.00000	5.30000	1
