# Grossi+16, Table3 + Table A3; log10(Mstar/Msun), log10(MH2/Msun)
# ID (VCC<ID>) | log10(M*/Mstar) | log10(MH2/Mstar) | +/- MH2 error (dex)
10     8.67   7.840        0.220
87     8.09   -99.9        -99.9
135    9.40   8.080        0.080
144    8.17   7.770        0.170
172    8.55   -99.9        -99.9
213    8.75   8.560        0.350
324    8.35   7.600        0.260
334    7.77   -99.9        -99.9
340    8.82   7.910        0.170
562    7.37   -99.9        -99.9
693    8.21   -99.9        -99.9
699    8.91   7.950        0.170
737    8.10   -99.9        -99.9
841    8.35   -99.9        -99.9
1437   8.43   7.820        0.140
1575   9.19   8.750        0.180
1686   8.82   7.850        0.190
1699   8.12   -99.9        -99.9
1725   8.42   7.610        0.180
1791   8.15   -99.9        -99.9
