#
# Saintonge et al. (2017)
#
# Table 6 
# {f}_{{{\rm{H}}}_{2}}$ Scaling Relations
#
#
# All xCOLD GASS						Main Sequence Only						
# Stacking			Binning			Stacking			Binning			
# $\langle x\rangle $	N	$\mathrm{log}\,\langle {f}_{{{\rm{H}}}_{2}}\rangle $	$\langle x\rangle $	N	$\langle \mathrm{log}\,{f}_{{{\rm{H}}}_{2}}\rangle $	$\langle x\rangle $	N	$\mathrm{log}\,\langle {f}_{{{\rm{H}}}_{2}}\rangle $	$\langle x\rangle $	N	$\langle \mathrm{log}\,{f}_{{{\rm{H}}}_{2}}\rangle $	
# x = \mathrm{log}\,{M}_{* }$												
9.407	36	-1.01      0.041	9.388	48	-1.11      0.058	9.406	23	-0.93      0.049	9.366	18	-0.99      0.072	
9.638	34	-1.08      0.035	9.669	48	-1.28      0.078	9.643	19	-0.89      0.033	9.465	18	-1.05      0.068	
9.848	41	-0.97      0.020	9.915	48	-1.23      0.088	9.854	24	-0.96      0.023	9.647	18	-1.12      0.077	
10.04	61	-0.90      0.011	10.10	48	-1.16      0.080	10.07	26	-0.89      0.017	9.882	18	-1.10      0.066	
10.24	66	-1.08      0.013	10.25	48	-1.39      0.091	10.25	22	-1.05      0.023	10.01	18	-1.11      0.079	
10.46	70	-1.05      0.009	10.41	48	-1.40      0.124	10.46	16	-0.99      0.018	10.14	18	-1.20      0.074	
10.67	63	-1.34      0.011	10.58	48	-1.62      0.087	10.68	20	-1.10      0.014	10.37	18	-1.27      0.088	
10.87	56	-1.41      0.009	10.75	48	-1.75      0.086	10.82	21	-1.26      0.013	10.56	18	-1.39      0.114	
11.07	48	-1.66      0.012	10.90	48	-1.83      0.088	11.10	17	-1.41      0.010	10.77	18	-1.44      0.108	
11.27	15	-2.02      0.041	11.08	48	-2.01      0.075	11.31	5	-1.68      0.039	11.12	18	-1.70      0.128	
# x = \mathrm{log}{\mu }_{* }$																	
7.876	9	-0.90      0.076	8.025	42	-1.03      0.049	7.876	7	-0.91      0.079	7.976	17	-1.04      0.093	
8.032	24	-0.94      0.049	8.211	42	-1.09      0.068	8.025	20	-0.94      0.055	8.117	17	-1.05      0.068	
8.146	35	-0.87      0.027	8.427	42	-1.10      0.058	8.139	19	-0.95      0.054	8.257	17	-1.09      0.072	
8.333	29	-1.00      0.035	8.589	42	-1.16      0.097	8.320	16	-0.91      0.038	8.431	17	-1.11      0.074	
8.459	39	-0.99      0.039	8.709	42	-1.26      0.114	8.460	20	-0.93      0.057	8.509	17	-1.13      0.071	
8.636	52	-0.91      0.027	8.850	42	-1.49      0.124	8.631	24	-0.92      0.041	8.682	17	-1.12      0.089	
8.777	48	-1.04      0.042	8.962	42	-1.60      0.080	8.777	28	-0.94      0.051	8.764	17	-1.15      0.084	
8.931	65	-1.34      0.036	9.044	42	-1.68      0.113	8.958	22	-0.97      0.022	8.810	17	-1.27      0.162	
9.076	60	-1.64      0.079	9.135	42	-1.84      0.062	9.060	12	-1.18      0.030	8.956	17	-1.32      0.110	
9.223	74	-1.46      0.030	9.229	42	-1.84      0.092	9.230	15	-1.39      0.032	9.060	17	-1.42      0.121	
# x = NUV-r												
1.807	16	-0.64      0.042	2.510	46	-1.03      0.049	1.809	5	-0.71      0.069	2.337	18	-1.04      0.082	
2.260	54	-0.82      0.025	2.730	46	-1.13      0.054	2.347	36	-0.89      0.036	2.455	18	-1.07      0.083	
2.690	72	-0.96      0.025	3.066	46	-1.18      0.064	2.690	57	-0.99      0.031	2.550	18	-1.12      0.070	
3.220	54	-0.97      0.023	3.570	46	-1.36      0.073	3.320	35	-1.02      0.033	2.700	18	-1.13      0.060	
3.760	54	-1.09      0.031	3.910	46	-1.38      0.092	3.720	25	-0.98      0.033	2.970	18	-1.20      0.094	
4.250	44	-1.22      0.050	4.530	46	-1.50      0.094	4.186	18	-1.15      0.081	3.340	18	-1.28      0.094	
4.730	47	-1.16      0.041	5.120	46	-1.60      0.113	4.730	13	-1.42      0.031	3.500	18	-1.24      0.095	
5.305	56	-1.78      -9.00	5.460	46	-1.90      0.070	-99.9	2	-99.9      -99.9	4.006	18	-1.29      0.089	
5.720	68	-1.95      -9.00	5.790	46	-2.03      0.049	-99.9	0	-99.9      -99.9	4.450	18	-1.45      0.122	
# x = \mathrm{log}$ SSFR												
-11.8	47	-1.76      -9.00	-11.8	47	-1.88      0.087	-99.9	0	-99.9      -99.9	-10.7	18	-1.62      0.106	
-11.4	54	-1.71      -9.00	-11.4	47	-1.81      0.089	-99.9	0	-99.9	   -99.9	-10.5	18	-1.41      0.095	
-11.1	49	-1.70      0.084	-11.1	47	-1.76      0.075	-11.0	13	-1.68      0.026	-10.3	18	-1.23      0.085	
-10.8	44	-1.25      0.049	-10.7	47	-1.50      0.117	-10.7	19	-1.41      0.019	-10.2	18	-1.15      0.074	
-10.5	52	-1.09      0.034	-10.5	47	-1.30      0.062	-10.4	33	-1.13      0.035	-10.1	18	-1.14      0.063	
-10.1	80	-1.04      0.029	-10.2	47	-1.15      0.047	-10.1	73	-1.03      0.029	-10.0	18	-1.11      0.075	
-9.87	65	-0.85      0.024	-10.0	47	-1.10      0.052	-9.88	46	-0.88      0.029	-9.96	18	-1.14      0.074	
-9.51	38	-0.68      0.023	-9.79	47	-1.01      0.047	-9.50	8	-0.77      0.062	-9.87	18	-1.04      0.076	
-9.24	7	-0.66      0.064	-9.49	47	-0.81      0.057	-99.9	0	-99.9	   -99.9	-9.66	18	-1.00      0.070	
