# Data taken from Lin et al. (2012).
#
# log10(M_500 / Msun) M_500_error log10(M_gas / Msun) M_gas_error log10(M_star / Msun) M_star_error redshift
14.5731 3.3897e+13 13.6496 4.51445e+12 12.7251 5.32365e+11 0.187
14.8143 6.77695e+13 13.8441 7.16859e+12 12.9037 8.02702e+11 0.171
14.7518 4.78064e+13 13.8354 6.86117e+12 12.6466 4.44008e+11 0.116
14.9062 8.99364e+13 13.9593 9.85625e+12 12.8404 6.93859e+11 0.178
14.513 2.95842e+13 13.5828 3.85938e+12 12.7236 5.32069e+11 0.224
14.7755 6.01994e+13 13.8908 8.07932e+12 12.8824 7.67967e+11 0.32
14.7134 5.55416e+13 13.824 7.15546e+12 12.7312 5.47054e+11 0.426
14.7025 5.93912e+13 13.8717 8.22828e+12 12.6459 4.54903e+11 0.43
14.6838 4.93555e+13 13.8807 7.94619e+12 12.7905 6.27354e+11 0.45
14.7176 4.97673e+13 13.8051 6.48186e+12 12.8068 6.46989e+11 0.463
14.5587 6.4033e+13 13.6427 5.85478e+12 12.5972 4.04741e+11 0.487
14.9493 1.0753e+14 14.1409 1.49812e+13 12.8421 7.09078e+11 0.55
13.9851 1.11623e+13 13.0417 1.28748e+12 12.3806 2.50389e+11 0.574
14.8947 6.56228e+13 14.057 1.14447e+13 12.6624 4.6219e+11 0.199
14.502 3.50616e+13 13.588 4.40114e+12 12.4415 2.78798e+11 0.208
14.8911 6.76083e+13 13.9981 9.98983e+12 13.0284 1.06991e+12 0.217
14.9363 7.51156e+13 14.0789 1.20356e+13 13.1185 1.31527e+12 0.224
14.8153 7.03323e+13 13.9281 8.59829e+12 12.9231 8.39707e+11 0.229
14.7352 4.94172e+13 13.8697 7.67819e+12 12.4337 2.74866e+11 0.23
15.1032 1.17446e+14 14.2364 1.73707e+13 12.8627 7.34164e+11 0.282
14.8128 5.40039e+13 14.0547 1.13656e+13 12.8444 7.01887e+11 0.253
14.4294 3.02379e+13 13.508 3.91884e+12 12.5475 3.56873e+11 0.279
14.7345 5.68231e+13 13.8683 7.60183e+12 13.0202 1.05359e+12 0.355
14.8207 7.32532e+13 13.9129 9.03591e+12 12.8479 7.09897e+11 0.387
14.7551 6.47085e+13 13.8414 7.81343e+12 12.7083 5.19374e+11 0.399
15.22 1.67396e+14 14.3263 2.15775e+13 13.0353 1.09932e+12 0.451
14.7393 6.97963e+13 13.8699 8.69171e+12 12.7318 5.53657e+11 0.543
15.1687 1.29599e+14 14.3799 2.40742e+13 13.1908 1.57209e+12 0.546
14.9898 8.28067e+13 14.1435 1.395e+13 13.0747 1.18879e+12 0.182
14.53 4.37452e+13 13.6388 4.67493e+12 12.4326 2.78358e+11 0.3501
14.4109 3.29536e+13 13.5041 3.41056e+12 12.6569 4.60075e+11 0.37
14.4835 6.40131e+13 13.5856 4.97312e+12 12.7717 6.02739e+11 0.5901
14.2388 2.46305e+13 13.3291 2.30581e+12 12.3967 2.56903e+11 0.4751
14.2522 2.89108e+13 13.2999 2.30746e+12 12.0864 1.30513e+11 0.3457
14.1207 2.04703e+13 13.1989 1.79262e+12 12.2432 1.81216e+11 0.3631
14.4343 3.83973e+13 13.5156 3.62924e+12 12.686 4.91691e+11 0.473
14.2693 2.85417e+13 13.3491 2.5491e+12 12.4341 2.81609e+11 0.475
14.4023 4.09933e+13 13.5213 3.9725e+12 12.4552 2.93384e+11 0.5
14.3183 2.66098e+13 13.4134 2.91394e+12 12.6702 4.81283e+11 0.546
14.4568 3.87148e+13 13.4884 3.43683e+12 12.2672 1.96812e+11 0.372
14.19 2.20815e+13 13.2206 1.79891e+12 12.631 4.32472e+11 0.464
14.7514 4.6107e+13 13.8356 6.86459e+12 12.8251 6.69034e+11 0.113
14.9371 7.94102e+13 14.061 1.16905e+13 13.0159 1.0386e+12 0.1511
14.9872 8.96024e+13 14.1108 1.30625e+13 13.0018 1.00774e+12 0.25198
15.3019 1.62833e+14 14.4844 3.05494e+13 13.2538 1.79633e+12 0.203
14.9044 8.13169e+13 14.0028 1.0082e+13 12.8324 1.347e+12 0.0773
15.0444 1.12384e+14 14.1668 1.47134e+13 12.9125 2.01152e+12 0.0899
14.8974 7.99001e+13 13.9584 9.10006e+12 12.8962 8.07419e+11 0.0542
14.8586 7.35603e+13 13.9167 8.27462e+12 12.9668 9.65246e+11 0.0601
14.832 6.82149e+13 13.9852 9.67544e+12 12.9308 8.55961e+11 0.056
14.7114 5.21899e+13 13.8094 6.46801e+12 12.8539 9.61657e+11 0.0806
14.8793 7.74339e+13 13.9741 9.44509e+12 12.8558 1.91992e+12 0.0881
14.6323 4.40062e+13 13.7111 5.16218e+12 12.3986 8.22685e+11 0.0845
14.7284 5.52762e+13 13.8033 6.38837e+12 12.7786 2.23811e+12 0.086
14.923 8.45666e+13 14.0106 1.02604e+13 12.9164 8.61223e+11 0.0594
14.7469 5.62309e+13 13.8233 6.66441e+12 12.747 6.01034e+11 0.0551
14.7118 5.43661e+13 13.7417 5.55057e+12 12.6402 1.22072e+12 0.0846
14.623 4.20778e+13 13.655 4.5212e+12 12.7813 5.69133e+11 0.044
14.5773 3.8963e+13 13.6027 4.03362e+12 12.7082 5.21198e+11 0.0531
14.6512 4.53117e+13 13.771 5.91471e+12 13.0263 9.80727e+11 0.048
14.5881 3.90472e+13 13.6811 4.80406e+12 12.7571 6.22444e+11 0.059
14.1108 1.33781e+13 13.1203 1.32754e+12 12.4027 3.25215e+11 0.059
14.667 4.68637e+13 13.7594 5.75419e+12 12.8407 1.07647e+12 0.0726
14.7083 5.13858e+13 13.7771 5.98958e+12 12.5708 6.74291e+11 0.0631
14.6502 4.80338e+13 13.7279 5.42685e+12 12.6923 6.87155e+11 0.076
14.4578 2.95472e+13 13.465 2.93397e+12 12.4245 3.90012e+11 0.062
14.5809 3.94119e+13 13.6286 4.30555e+12 12.72 5.21388e+11 0.051
14.4662 3.02741e+13 13.5429 3.53225e+12 12.5575 3.34644e+11 0.0351
14.5927 4.05724e+13 13.6494 4.48665e+12 12.6111 7.86831e+11 0.075
14.597 4.05093e+13 13.7001 5.03685e+12 12.7256 5.16771e+11 0.0474
14.4162 2.64455e+13 13.44 2.75984e+12 12.5877 3.45616e+11 0.0303
14.2706 1.90085e+13 13.2237 1.67864e+12 12.4045 2.59136e+11 0.0421
14.3217 2.2237e+13 13.3161 2.09095e+12 12.4729 2.7528e+11 0.0355
14.4205 2.65594e+13 13.4251 2.665e+12 12.4565 2.99139e+11 0.0475
14.3457 2.26162e+13 13.3481 2.23686e+12 12.6078 3.68029e+11 0.0389
14.4524 2.89907e+13 13.4648 2.92712e+12 12.5169 3.38273e+11 0.0456
14.3829 2.45741e+13 13.3844 2.43083e+12 12.4853 4.53973e+11 0.0569
14.4476 2.82273e+13 13.4783 3.01105e+12 12.5838 3.42306e+11 0.0328
14.424 2.67051e+13 13.4999 3.16385e+12 12.4032 6.20818e+11 0.0538
14.4889 3.15495e+13 13.5363 3.46098e+12 12.4953 3.35198e+11 0.0499
14.3236 2.18447e+13 13.3197 2.10065e+12 12.3083 2.10596e+11 0.0404
14.2195 1.6922e+13 13.2133 1.64174e+12 12.5915 3.40151e+11 0.0314
14.3454 2.25863e+13 13.375 2.37756e+12 12.4947 2.84667e+11 0.0349
14.2937 1.98458e+13 13.3468 2.22568e+12 12.2238 1.92581e+11 0.0434
14.3701 2.44199e+13 13.4854 3.0913e+12 12.7422 4.95315e+11 0.0458
14.2657 2.10313e+13 13.2694 1.90691e+12 12.3391 2.23413e+11 0.0416
14.0558 1.19634e+13 13.0026 1.01952e+12 12.2384 1.5513e+11 0.027
14.1971 1.59173e+13 13.228 1.69384e+12 12.4042 2.20705e+11 0.0283
14.2394 1.75501e+13 13.2464 1.76675e+12 12.468 2.61139e+11 0.0348
14.1712 1.51672e+13 13.2238 1.67853e+12 12.2573 2.77532e+11 0.058
14.1588 1.48037e+13 13.1245 1.33775e+12 12.1477 1.53627e+11 0.039
14.2036 1.64304e+13 13.1934 1.56817e+12 12.5052 3.3736e+11 0.0553
13.9666 1.00219e+13 12.9079 8.22561e+11 12.4614 2.44895e+11 0.0369
13.881 7.73199e+12 12.7744 5.95981e+11 12.1415 1.1383e+11 0.0282
