#
# Catinella et al. (2017) XGASS HI fraction data @ z=0, with columns
# | x | avg. log MHI/Mstar | +/- err. on avg log MHI/Mstar | median log MHI/Mstar | Num. in bin |
#
# x = log Mstar/Msun
9.14  -0.242  0.053 	-0.092	113 
9.44  -0.459  0.067 	-0.320 	92 
9.74  -0.748  0.069 	-0.656 	96 
10.07 -0.869  0.042 	-0.854 	214 
10.34 -1.175  0.037 	-1.278 	191 
10.65 -1.231  0.036 	-1.223 	189 
10.95 -1.475  0.033 	-1.707 	196 
11.20 -1.589  0.044 	-1.785 	86 
# x = log mu
7.85  -0.006  0.047 	-0.002	61 
8.14  -0.377  0.050 	-0.262 	129 
8.42  -0.646  0.049 	-0.561 	160 
8.72  -0.926  0.044 	-0.934 	221 
9.01  -1.255  0.032 	-1.303 	326 
9.28  -1.475  0.031 	-1.636 	233 
9.56  -1.617  0.071 	-1.734 	30 
# x = log sSFR/yr^-1
-11.97 	  -1.633  0.022		-1.694	204 
-11.42 	  -1.442  0.032 	-1.571	214 
-10.79 	  -1.109  0.034 	-1.130	233 
-10.19 	  -0.539  0.033 	-0.512	342 
-9.72	  -0.063  0.041 	-0.002	153 
# x = NUV-r 	
1.62   0.174  0.050 	0.130	39 
2.25   -0.090  0.028 	-0.065 	190 
2.98   -0.593  0.030 	-0.577 	198 
3.79   -0.987  0.033 	-1.023 	180 
4.59   -1.281  0.040 	-1.362 	155 
5.44   -1.514  0.026 	-1.631 	245 
6.04   -1.672  0.020 	-1.725 	144
