#Baldry et al 2012, Table 1, flat CDM cosmology with H0 =70 kms−1Mpc−1 and omega_m = 0.3, Chabrier IMF.
#Below 10^8 solar masses they are lower limits!
#Total stellar mass density of 2.3e8 solar masses/ Mpc^3
# preliminary GAMA GSMF: log_mass, half width, LF, Poisson error
 6.25   0.25     0.0311    0.0216
 6.75   0.25     0.0181    0.0066
 7.10   0.10     0.0179    0.0057
 7.30   0.10     0.0431    0.0087
 7.50   0.10     0.0316    0.0090
 7.70   0.10     0.0348    0.0084
 7.90   0.10     0.0273    0.0042
 8.10   0.10     0.0283    0.0028
 8.30   0.10     0.0235    0.0030
 8.50   0.10     0.0192    0.0012
 8.70   0.10     0.0180    0.0026
 8.90   0.10     0.0143    0.0017
 9.10   0.10     0.0102    0.0006
 9.30   0.10    0.00959   0.00055
 9.50   0.10    0.00742   0.00041
 9.70   0.10    0.00621   0.00037
 9.90   0.10    0.00571   0.00035
10.10   0.10    0.00551   0.00034
10.30   0.10    0.00548   0.00034
10.50   0.10    0.00512   0.00033
10.70   0.10    0.00355   0.00027
10.90   0.10    0.00241   0.00023
11.10   0.10    0.00127   0.00016
11.30   0.10   0.000338  8.5e-05
11.50   0.10   4.2e-05   2.99119e-05
11.70   0.10   2.1e-05   2.11510e-05
#11.90	0.10   4.2e-05   3e-05
