0.2_0.5.dat
   8.0749999999999993       -1.6023856000000001       5.09644672405731303E-002  5.77502813029353579E-002
   8.3369999999999997       -1.6225394000000000       4.98848430133773668E-002  5.63674917436227663E-002
   8.6059999999999999       -1.7377596000000000       4.96631021776219317E-002  5.60844531731103935E-002
   8.8800000000000008       -1.8422913000000001       4.96986598314912431E-002  5.61298181939438035E-002
   9.1570000000000000       -1.9685847999999999       4.98391102092199390E-002  5.63090896926983220E-002
   9.4380000000000006       -2.0958237999999998       5.00605913851712714E-002  5.65920576385989804E-002
   9.7119999999999997       -2.2079230000000001       5.04488434217096327E-002  5.70888889107497022E-002
   9.9890000000000008       -2.2840894000000000       5.11299184726103917E-002  5.79628864530112864E-002
   10.270000000000000       -2.3302687000000000       5.24406117460607391E-002  5.96536953217330357E-002
   10.541000000000000       -2.3993948999999999       5.48230866206065315E-002  6.27572921018408891E-002
   10.814000000000000       -2.5791083000000001       5.90652142749954479E-002  6.83819510811680686E-002
   11.074999999999999       -2.9549793000000002       6.67120189578707112E-002  7.88527801723999389E-002
   11.340999999999999       -3.4772299000000002       8.37370086729873897E-002  0.10383453629943329     
   11.603000000000000       -4.2270576000000002       0.13451317517404426       0.19589762847710013     
   12.063000000000001       -5.2165112000000002       0.31786425248237560        999.90002441406250     

0.5_0.8.dat
   8.8249999999999993       -1.9443914000000000       3.79130277446670938E-002  4.15420924864151608E-002
   9.0690000000000008       -1.9974136000000000       3.78761489479333413E-002  4.14978141511583853E-002
   9.3230000000000004       -2.1103074999999998       3.79750905555922280E-002  4.16166265603941099E-002
   9.5779999999999994       -2.2466510000000000       3.82265116560680518E-002  4.19188097072527022E-002
   9.8369999999999997       -2.3848512999999998       3.87241822668071833E-002  4.25180979878869714E-002
   10.096000000000000       -2.4478203000000001       3.95063378494784345E-002  4.34630264809690026E-002
   10.351000000000001       -2.4904364999999999       4.08729535548220113E-002  4.51231065459425373E-002
   10.597000000000000       -2.5790852000000002       4.32407459386814352E-002  4.80269635940717698E-002
   10.842000000000001       -2.7306477999999998       4.70830749289019579E-002  5.28152129952648153E-002
   11.093000000000000       -2.9984213999999998       5.35006648061702172E-002  6.10297633287570918E-002
   11.327000000000000       -3.4668142999999998       6.56944610360850056E-002  7.74340307708158981E-002
   11.577000000000000       -3.9688015000000001       8.91580829041394018E-002  0.11231862882557442     
   11.888999999999999       -5.1684776000000001       0.19121851500593134       0.34985601328647320     

0.8_1.1.dat
   9.2490000000000006       -2.1416678000000000       3.39040343357304153E-002  3.67766568176777220E-002
   9.4920000000000009       -2.2273999000000000       3.40109740420642126E-002  3.69025308325761081E-002
   9.7420000000000009       -2.3476102999999999       3.43440760173954196E-002  3.72950433544518845E-002
   9.9909999999999997       -2.4594993000000001       3.50142510661211048E-002  3.80867390657009253E-002
   10.247000000000000       -2.5165871000000002       3.61956146024020597E-002  3.94888301400411201E-002
   10.496000000000000       -2.5418447999999998       3.81505008778710852E-002  4.18274116855541500E-002
   10.743000000000000       -2.6162979000000002       4.14021600694076675E-002  4.57690712884035733E-002
   10.984999999999999       -2.8048282000000002       4.64773414294565868E-002  5.20540171741394886E-002
   11.225000000000000       -3.1381692999999999       5.43018020852517047E-002  6.20748695856216948E-002
   11.467000000000001       -3.7508731000000002       6.99181436206068874E-002  8.33755938496332227E-002
   11.691000000000001       -4.6924821999999997       0.12218261524050611       0.17063094047635907     
   12.029000000000000       -5.3539560000000002       0.22789868733916485       0.50870363716147349     

1.1_1.5.dat
   9.5380000000000003       -2.2872441000000001       2.59219693694974218E-002  2.75679522231846441E-002
   9.7789999999999999       -2.3707486000000002       2.62636598294458956E-002  2.79547527147312458E-002
   10.029999999999999       -2.4967697000000002       2.71025860087892312E-002  2.89071931469697674E-002
   10.281000000000001       -2.6094388999999998       2.86847819637849888E-002  3.07142199205805433E-002
   10.534000000000001       -2.6824758000000002       3.13309701513659888E-002  3.37682239195480349E-002
   10.775000000000000       -2.7938600999999998       3.54143763204404216E-002  3.85606906567792507E-002
   11.019000000000000       -3.0355037000000000       4.18519604870932760E-002  4.63194874588652716E-002
   11.260999999999999       -3.4920144000000000       5.27037373919938545E-002  5.99945423157115520E-002
   11.494999999999999       -4.3503528999999999       7.89657164028225722E-002  9.65869189620862656E-002
   11.730000000000000       -5.1660427000000002       0.15569203719566271       0.24501955297752520     

1.5_2.0.dat
   9.7720000000000002       -2.5265694000000001       2.47239507613641329E-002  2.62168789528529622E-002
   9.9789999999999992       -2.6269041999999998       2.53672613049404916E-002  2.69413906467286246E-002
   10.195000000000000       -2.7513793999999998       2.66650398312089365E-002  2.84099528985319871E-002
   10.407999999999999       -2.8365075000000002       2.86530439442431728E-002  3.06778330452641690E-002
   10.622999999999999       -2.9263811999999998       3.17197277449303705E-002  3.42202864213385638E-002
   10.834000000000000       -3.0370043999999998       3.61752657870946237E-002  3.94646086258338968E-002
   11.044000000000000       -3.2600364000000002       4.27183110652267217E-002  4.73832143041019727E-002
   11.246000000000000       -3.7005211000000000       5.31512012315782378E-002  6.05752670256491932E-002
   11.448000000000000       -4.2587353999999999       7.38601582532334433E-002  8.90486608596869900E-002
   11.682000000000000       -5.1711817000000000       0.14835580518441471       0.22709175454949104     

2.0_2.5.dat
    9.556  -2.8085034   -0.0087407   -0.0089203
    9.784  -2.8258491   -0.0080788   -0.0082320
   10.121000000000000       -3.0073229000000001       2.97610279364604047E-002  3.19514978539316985E-002
   10.291000000000000       -3.0523370999999999       3.14845405313892712E-002  3.39466969812285413E-002
   10.465000000000000       -3.0785065999999999       3.37967666257763533E-002  3.66504644846155081E-002
   10.641000000000000       -3.1363192999999998       3.73012151088643051E-002  4.08085911831777004E-002
   10.813000000000001       -3.2228804000000002       4.20090061398652459E-002  4.65119614826794425E-002
   10.984999999999999       -3.3721339000000001       4.84453298700100454E-002  5.45358847793062651E-002
   11.154000000000000       -3.6434280999999999       5.75252637373178111E-002  6.63253243786852131E-002
   11.327000000000000       -4.0367838000000003       7.23751525432634324E-002  8.68967797823518850E-002
   11.491000000000000       -4.4679592000000001       9.77455803265669942E-002  0.12633493121368566     
   11.670999999999999       -5.2470065999999997       0.15892879903901314       0.25327159075894912     

2.5_3.0.dat
    9.934  -2.9988455   -0.0086381   -0.0088134
   10.311000000000000       -3.2210692999999999       4.21511881803429134E-002  4.66863524536416108E-002
   10.465000000000000       -3.2877816000000002       4.49836948720654384E-002  5.01872126059170753E-002
   10.630000000000001       -3.4069994000000001       4.90398439345547388E-002  5.52906605879326385E-002
   10.792999999999999       -3.4693922000000001       5.39497136027646818E-002  6.16150128952299703E-002
   10.948000000000000       -3.6148259999999999       6.09017705785208641E-002  7.08571323914992668E-002
   11.106000000000000       -3.8104803000000000       7.06238702633776860E-002  8.43820301274273987E-002
   11.275000000000000       -4.0920335999999997       8.44690054662624590E-002  0.10496436229720629     
   11.422000000000001       -4.5708207999999999       0.11156375833780974       0.15051701046025290     
   11.574000000000000       -4.8978346000000004       0.15384036821574654       0.24039536701234443     
   11.766000000000000       -5.6384425000000000       0.24619767013054616       0.62484539645470250     

3.0_4.0.dat
   10.078  -3.3811308   -0.0144607   -0.0149588
   10.345000000000001       -3.5780321000000002       4.25769438974872294E-002  4.72093171601444261E-002
   10.500999999999999       -3.7106542999999999       4.60751504304979242E-002  5.15499243042145672E-002
   10.657999999999999       -3.9279812999999999       5.40540890094547422E-002  6.17512461745466368E-002
   10.821999999999999       -4.0075114999999997       6.29436621537196039E-002  7.36381432812125425E-002
   10.976000000000001       -4.2128981000000003       7.06217704543607994E-002  8.43790296998632172E-002
   11.137000000000000       -4.3015664999999998       8.43313960486291592E-002  0.10475159428634928     
   11.298000000000000       -4.6611783000000004       0.10973827099842737       0.14719892877800689     
   11.462000000000000       -4.9802279000000000       0.11379113424429033       0.15461941076550811     
   11.602000000000000       -5.0194672000000002       0.18168182635121610       0.31824691470791677     
   11.855000000000000       -5.8538449000000004       0.32388610684802366        999.90002441406250     

