# Galaxy Stellar mass function in 100kpc 3D aperture
# BoxSize= 25 Mpc z= 0.503107
# M_* [Msun] N [-] sigma
2.238721e+05 0.000000e+00 0.000000e+00
3.548134e+05 0.000000e+00 0.000000e+00
5.623413e+05 0.000000e+00 0.000000e+00
8.912509e+05 1.062400e-01 5.830677e-03
1.412538e+06 1.824000e-02 2.415947e-03
2.238721e+06 1.849600e-01 7.693322e-03
3.548134e+06 3.657600e-01 1.081865e-02
5.623413e+06 2.764800e-01 9.406041e-03
8.912509e+06 2.588800e-01 9.101736e-03
1.412538e+07 1.904000e-01 7.805639e-03
2.238721e+07 1.555200e-01 7.054530e-03
3.548134e+07 1.158400e-01 6.088415e-03
5.623413e+07 7.104000e-02 4.767893e-03
8.912509e+07 6.144000e-02 4.434050e-03
1.412538e+08 5.152000e-02 4.060345e-03
2.238721e+08 3.424000e-02 3.310106e-03
3.548134e+08 2.368000e-02 2.752744e-03
5.623413e+08 2.208000e-02 2.658120e-03
8.912509e+08 1.824000e-02 2.415947e-03
1.412538e+09 1.376000e-02 2.098380e-03
2.238721e+09 8.960000e-03 1.693281e-03
3.548134e+09 9.920000e-03 1.781685e-03
5.623413e+09 8.960000e-03 1.693281e-03
8.912509e+09 8.960000e-03 1.693281e-03
1.412538e+10 5.440000e-03 1.319394e-03
2.238721e+10 4.800000e-03 1.239355e-03
3.548134e+10 5.120000e-03 1.280000e-03
5.623413e+10 1.920000e-03 7.838367e-04
8.912509e+10 6.400000e-04 4.525483e-04
1.412538e+11 0.000000e+00 0.000000e+00
2.238721e+11 0.000000e+00 0.000000e+00
3.548134e+11 0.000000e+00 0.000000e+00
5.623413e+11 0.000000e+00 0.000000e+00
8.912509e+11 0.000000e+00 0.000000e+00
1.412538e+12 0.000000e+00 0.000000e+00
