# Galaxy Stellar mass function in 50kpc 3D aperture
# BoxSize= 100 Mpc z= 0.000000
# M_* [Msun] N [-] sigma
2.238721e+05 0.000000e+00 0.000000e+00
3.548134e+05 0.000000e+00 0.000000e+00
5.623413e+05 0.000000e+00 0.000000e+00
8.912509e+05 1.362950e-01 8.255150e-04
1.412538e+06 6.485000e-03 1.800694e-04
2.238721e+06 1.539500e-01 8.773540e-04
3.548134e+06 2.750000e-01 1.172604e-03
5.623413e+06 1.905250e-01 9.760251e-04
8.912509e+06 1.908600e-01 9.768828e-04
1.412538e+07 1.467850e-01 8.566942e-04
2.238721e+07 1.213650e-01 7.789897e-04
3.548134e+07 9.461500e-02 6.878045e-04
5.623413e+07 6.975000e-02 5.905506e-04
8.912509e+07 5.266000e-02 5.131277e-04
1.412538e+08 3.944500e-02 4.441002e-04
2.238721e+08 3.009500e-02 3.879111e-04
3.548134e+08 2.311000e-02 3.399265e-04
5.623413e+08 1.828000e-02 3.023243e-04
8.912509e+08 1.568500e-02 2.800446e-04
1.412538e+09 1.317000e-02 2.566125e-04
2.238721e+09 1.067500e-02 2.310303e-04
3.548134e+09 9.030000e-03 2.124853e-04
5.623413e+09 7.220000e-03 1.900000e-04
8.912509e+09 5.835000e-03 1.708069e-04
1.412538e+10 5.140000e-03 1.603122e-04
2.238721e+10 4.150000e-03 1.440486e-04
3.548134e+10 3.105000e-03 1.245994e-04
5.623413e+10 2.075000e-03 1.018577e-04
8.912509e+10 1.215000e-03 7.794229e-05
1.412538e+11 6.800000e-04 5.830952e-05
2.238721e+11 2.300000e-04 3.391165e-05
3.548134e+11 1.000000e-04 2.236068e-05
5.623413e+11 3.000000e-05 1.224745e-05
8.912509e+11 0.000000e+00 0.000000e+00
1.412538e+12 0.000000e+00 0.000000e+00
