# Galaxy Stellar mass function in 30kpc 3D aperture
# BoxSize= 100 Mpc z= 0.100639
# M_* [Msun] N [-] sigma
2.238721e+05 0.000000e+00 0.000000e+00
3.548134e+05 0.000000e+00 0.000000e+00
5.623413e+05 0.000000e+00 0.000000e+00
8.912509e+05 1.340700e-01 8.187490e-04
1.412538e+06 8.390000e-03 2.048170e-04
2.238721e+06 1.596000e-01 8.933085e-04
3.548134e+06 2.898550e-01 1.203858e-03
5.623413e+06 2.043650e-01 1.010854e-03
8.912509e+06 2.006950e-01 1.001736e-03
1.412538e+07 1.528950e-01 8.743426e-04
2.238721e+07 1.248600e-01 7.901266e-04
3.548134e+07 9.773000e-02 6.990350e-04
5.623413e+07 7.199500e-02 5.999792e-04
8.912509e+07 5.450500e-02 5.220393e-04
1.412538e+08 4.039500e-02 4.494163e-04
2.238721e+08 3.056000e-02 3.908964e-04
3.548134e+08 2.365500e-02 3.439113e-04
5.623413e+08 1.856500e-02 3.046720e-04
8.912509e+08 1.588500e-02 2.818244e-04
1.412538e+09 1.343000e-02 2.591332e-04
2.238721e+09 1.099000e-02 2.344142e-04
3.548134e+09 9.075000e-03 2.130141e-04
5.623413e+09 7.370000e-03 1.919635e-04
8.912509e+09 5.870000e-03 1.713184e-04
1.412538e+10 5.195000e-03 1.611676e-04
2.238721e+10 4.140000e-03 1.438749e-04
3.548134e+10 3.370000e-03 1.298075e-04
5.623413e+10 1.970000e-03 9.924717e-05
8.912509e+10 1.235000e-03 7.858117e-05
1.412538e+11 4.900000e-04 4.949747e-05
2.238721e+11 1.700000e-04 2.915476e-05
3.548134e+11 6.000000e-05 1.732051e-05
5.623413e+11 0.000000e+00 0.000000e+00
8.912509e+11 0.000000e+00 0.000000e+00
1.412538e+12 0.000000e+00 0.000000e+00
