# Galaxy Stellar mass function in 100kpc 3D aperture
# BoxSize= 25 Mpc z= 0.000000
# M_* [Msun] N [-] sigma
2.238721e+05 0.000000e+00 0.000000e+00
3.548134e+05 0.000000e+00 0.000000e+00
5.623413e+05 0.000000e+00 0.000000e+00
8.912509e+05 1.161600e-01 6.096819e-03
1.412538e+06 1.056000e-02 1.838260e-03
2.238721e+06 1.507200e-01 6.944811e-03
3.548134e+06 2.944000e-01 9.706081e-03
5.623413e+06 2.108800e-01 8.214718e-03
8.912509e+06 1.952000e-01 7.903417e-03
1.412538e+07 1.561600e-01 7.069031e-03
2.238721e+07 1.267200e-01 6.367920e-03
3.548134e+07 9.440000e-02 5.496180e-03
5.623413e+07 7.424000e-02 4.874095e-03
8.912509e+07 5.280000e-02 4.110474e-03
1.412538e+08 4.256000e-02 3.690420e-03
2.238721e+08 3.328000e-02 3.263372e-03
3.548134e+08 2.560000e-02 2.862167e-03
5.623413e+08 1.824000e-02 2.415947e-03
8.912509e+08 1.792000e-02 2.394661e-03
1.412538e+09 1.280000e-02 2.023858e-03
2.238721e+09 9.280000e-03 1.723253e-03
3.548134e+09 6.400000e-03 1.431084e-03
5.623413e+09 7.680000e-03 1.567673e-03
8.912509e+09 9.280000e-03 1.723253e-03
1.412538e+10 6.080000e-03 1.394848e-03
2.238721e+10 3.520000e-03 1.061320e-03
3.548134e+10 5.120000e-03 1.280000e-03
5.623413e+10 3.200000e-03 1.011929e-03
8.912509e+10 1.920000e-03 7.838367e-04
1.412538e+11 3.200000e-04 3.200000e-04
2.238721e+11 0.000000e+00 0.000000e+00
3.548134e+11 0.000000e+00 0.000000e+00
5.623413e+11 0.000000e+00 0.000000e+00
8.912509e+11 0.000000e+00 0.000000e+00
1.412538e+12 0.000000e+00 0.000000e+00
