# Galaxy Stellar mass function in 100kpc 3D aperture
# BoxSize= 100 Mpc z= 0.100639
# M_* [Msun] N [-] sigma
2.238721e+05 0.000000e+00 0.000000e+00
3.548134e+05 0.000000e+00 0.000000e+00
5.623413e+05 0.000000e+00 0.000000e+00
8.912509e+05 1.342000e-01 8.191459e-04
1.412538e+06 8.365000e-03 2.045116e-04
2.238721e+06 1.591900e-01 8.921603e-04
3.548134e+06 2.889250e-01 1.201926e-03
5.623413e+06 2.041650e-01 1.010359e-03
8.912509e+06 2.009700e-01 1.002422e-03
1.412538e+07 1.529750e-01 8.745713e-04
2.238721e+07 1.252550e-01 7.913754e-04
3.548134e+07 9.762500e-02 6.986594e-04
5.623413e+07 7.234500e-02 6.014358e-04
8.912509e+07 5.452000e-02 5.221111e-04
1.412538e+08 4.048500e-02 4.499167e-04
2.238721e+08 3.085000e-02 3.927467e-04
3.548134e+08 2.371500e-02 3.443472e-04
5.623413e+08 1.867500e-02 3.055732e-04
8.912509e+08 1.597500e-02 2.826217e-04
1.412538e+09 1.351500e-02 2.599519e-04
2.238721e+09 1.097500e-02 2.342541e-04
3.548134e+09 9.050000e-03 2.127205e-04
5.623413e+09 7.405000e-03 1.924188e-04
8.912509e+09 5.810000e-03 1.704406e-04
1.412538e+10 5.215000e-03 1.614776e-04
2.238721e+10 4.095000e-03 1.430909e-04
3.548134e+10 3.185000e-03 1.261943e-04
5.623413e+10 2.080000e-03 1.019804e-04
8.912509e+10 1.250000e-03 7.905694e-05
1.412538e+11 7.200000e-04 6.000000e-05
2.238721e+11 2.700000e-04 3.674235e-05
3.548134e+11 1.300000e-04 2.549510e-05
5.623413e+11 3.500000e-05 1.322876e-05
8.912509e+11 1.000000e-05 7.071068e-06
1.412538e+12 0.000000e+00 0.000000e+00
