# Galaxy Stellar mass function in 100kpc 3D aperture
# BoxSize= 25 Mpc z= 0.270901
# M_* [Msun] N [-] sigma
2.238721e+05 0.000000e+00 0.000000e+00
3.548134e+05 0.000000e+00 0.000000e+00
5.623413e+05 0.000000e+00 0.000000e+00
8.912509e+05 1.238400e-01 6.295141e-03
1.412538e+06 8.640000e-03 1.662769e-03
2.238721e+06 1.596800e-01 7.148259e-03
3.548134e+06 3.324800e-01 1.031473e-02
5.623413e+06 2.499200e-01 8.942841e-03
8.912509e+06 2.208000e-01 8.405712e-03
1.412538e+07 1.766400e-01 7.518298e-03
2.238721e+07 1.478400e-01 6.878139e-03
3.548134e+07 1.049600e-01 5.795446e-03
5.623413e+07 7.680000e-02 4.957419e-03
8.912509e+07 5.600000e-02 4.233202e-03
1.412538e+08 4.576000e-02 3.826643e-03
2.238721e+08 4.000000e-02 3.577709e-03
3.548134e+08 2.272000e-02 2.696368e-03
5.623413e+08 1.984000e-02 2.519683e-03
8.912509e+08 1.856000e-02 2.437047e-03
1.412538e+09 1.216000e-02 1.972612e-03
2.238721e+09 1.152000e-02 1.920000e-03
3.548134e+09 7.040000e-03 1.500933e-03
5.623413e+09 8.320000e-03 1.631686e-03
8.912509e+09 9.280000e-03 1.723253e-03
1.412538e+10 6.080000e-03 1.394848e-03
2.238721e+10 4.160000e-03 1.153776e-03
3.548134e+10 5.760000e-03 1.357645e-03
5.623413e+10 2.880000e-03 9.600000e-04
8.912509e+10 6.400000e-04 4.525483e-04
1.412538e+11 3.200000e-04 3.200000e-04
2.238721e+11 0.000000e+00 0.000000e+00
3.548134e+11 0.000000e+00 0.000000e+00
5.623413e+11 0.000000e+00 0.000000e+00
8.912509e+11 0.000000e+00 0.000000e+00
1.412538e+12 0.000000e+00 0.000000e+00
