# Galaxy Stellar mass function in 30kpc 3D aperture
# BoxSize= 25 Mpc z= 0.270901
# M_* [Msun] N [-] sigma
2.238721e+05 0.000000e+00 0.000000e+00
3.548134e+05 0.000000e+00 0.000000e+00
5.623413e+05 0.000000e+00 0.000000e+00
8.912509e+05 1.244800e-01 6.311387e-03
1.412538e+06 8.640000e-03 1.662769e-03
2.238721e+06 1.596800e-01 7.148259e-03
3.548134e+06 3.340800e-01 1.033952e-02
5.623413e+06 2.486400e-01 8.919910e-03
8.912509e+06 2.214400e-01 8.417886e-03
1.412538e+07 1.760000e-01 7.504665e-03
2.238721e+07 1.484800e-01 6.893011e-03
3.548134e+07 1.036800e-01 5.760000e-03
5.623413e+07 7.616000e-02 4.936720e-03
8.912509e+07 5.728000e-02 4.281308e-03
1.412538e+08 4.512000e-02 3.799789e-03
2.238721e+08 4.000000e-02 3.577709e-03
3.548134e+08 2.272000e-02 2.696368e-03
5.623413e+08 1.984000e-02 2.519683e-03
8.912509e+08 1.824000e-02 2.415947e-03
1.412538e+09 1.312000e-02 2.049000e-03
2.238721e+09 1.024000e-02 1.810193e-03
3.548134e+09 7.360000e-03 1.534666e-03
5.623413e+09 8.640000e-03 1.662769e-03
8.912509e+09 9.280000e-03 1.723253e-03
1.412538e+10 5.760000e-03 1.357645e-03
2.238721e+10 5.120000e-03 1.280000e-03
3.548134e+10 4.800000e-03 1.239355e-03
5.623413e+10 3.200000e-03 1.011929e-03
8.912509e+10 3.200000e-04 3.200000e-04
1.412538e+11 0.000000e+00 0.000000e+00
2.238721e+11 0.000000e+00 0.000000e+00
3.548134e+11 0.000000e+00 0.000000e+00
5.623413e+11 0.000000e+00 0.000000e+00
8.912509e+11 0.000000e+00 0.000000e+00
1.412538e+12 0.000000e+00 0.000000e+00
