# Galaxy Stellar mass function in 30kpc 3D aperture
# BoxSize= 100 Mpc z= 2.012410
# M_* [Msun] N [-] sigma
2.238721e+05 0.000000e+00 0.000000e+00
3.548134e+05 0.000000e+00 0.000000e+00
5.623413e+05 0.000000e+00 0.000000e+00
8.912509e+05 3.225000e-02 4.015595e-04
1.412538e+06 1.063950e-01 7.293662e-04
2.238721e+06 2.255600e-01 1.061979e-03
3.548134e+06 3.379350e-01 1.299875e-03
5.623413e+06 5.662600e-01 1.682647e-03
8.912509e+06 3.964700e-01 1.407960e-03
1.412538e+07 2.699000e-01 1.161680e-03
2.238721e+07 1.749200e-01 9.352005e-04
3.548134e+07 1.197950e-01 7.739348e-04
5.623413e+07 8.106500e-02 6.366514e-04
8.912509e+07 5.781500e-02 5.376570e-04
1.412538e+08 4.100000e-02 4.527693e-04
2.238721e+08 3.112500e-02 3.944933e-04
3.548134e+08 2.302500e-02 3.393008e-04
5.623413e+08 1.760000e-02 2.966479e-04
8.912509e+08 1.281000e-02 2.530810e-04
1.412538e+09 1.022000e-02 2.260531e-04
2.238721e+09 7.635000e-03 1.953842e-04
3.548134e+09 5.470000e-03 1.653784e-04
5.623413e+09 3.650000e-03 1.350926e-04
8.912509e+09 3.305000e-03 1.285496e-04
1.412538e+10 2.960000e-03 1.216553e-04
2.238721e+10 1.905000e-03 9.759611e-05
3.548134e+10 1.215000e-03 7.794229e-05
5.623413e+10 4.150000e-04 4.555217e-05
8.912509e+10 2.500000e-04 3.535534e-05
1.412538e+11 4.000000e-05 1.414214e-05
2.238721e+11 5.000000e-06 5.000000e-06
3.548134e+11 0.000000e+00 0.000000e+00
5.623413e+11 0.000000e+00 0.000000e+00
8.912509e+11 0.000000e+00 0.000000e+00
1.412538e+12 0.000000e+00 0.000000e+00
