# Galaxy Stellar mass function in 50kpc 3D aperture
# BoxSize= 100 Mpc z= 1.486707
# M_* [Msun] N [-] sigma
2.238721e+05 0.000000e+00 0.000000e+00
3.548134e+05 0.000000e+00 0.000000e+00
5.623413e+05 0.000000e+00 0.000000e+00
8.912509e+05 5.818500e-02 5.393746e-04
1.412538e+06 7.251000e-02 6.021213e-04
2.238721e+06 2.147650e-01 1.036255e-03
3.548134e+06 3.784400e-01 1.375573e-03
5.623413e+06 4.628500e-01 1.521266e-03
8.912509e+06 3.487800e-01 1.320568e-03
1.412538e+07 2.445850e-01 1.105859e-03
2.238721e+07 1.701000e-01 9.222256e-04
3.548134e+07 1.214500e-01 7.792625e-04
5.623413e+07 8.582000e-02 6.550572e-04
8.912509e+07 6.230500e-02 5.581442e-04
1.412538e+08 4.530500e-02 4.759464e-04
2.238721e+08 3.370000e-02 4.104875e-04
3.548134e+08 2.597000e-02 3.603471e-04
5.623413e+08 2.078500e-02 3.223740e-04
8.912509e+08 1.604500e-02 2.832402e-04
1.412538e+09 1.233000e-02 2.482942e-04
2.238721e+09 9.475000e-03 2.176580e-04
3.548134e+09 7.625000e-03 1.952562e-04
5.623413e+09 5.420000e-03 1.646208e-04
8.912509e+09 3.905000e-03 1.397319e-04
1.412538e+10 3.865000e-03 1.390144e-04
2.238721e+10 2.945000e-03 1.213466e-04
3.548134e+10 2.025000e-03 1.006231e-04
5.623413e+10 1.030000e-03 7.176350e-05
8.912509e+10 4.600000e-04 4.795832e-05
1.412538e+11 1.300000e-04 2.549510e-05
2.238721e+11 4.000000e-05 1.414214e-05
3.548134e+11 5.000000e-06 5.000000e-06
5.623413e+11 0.000000e+00 0.000000e+00
8.912509e+11 0.000000e+00 0.000000e+00
1.412538e+12 0.000000e+00 0.000000e+00
