# Galaxy Stellar mass function in 50kpc 3D aperture
# BoxSize= 100 Mpc z= 2.478413
# M_* [Msun] N [-] sigma
2.238721e+05 0.000000e+00 0.000000e+00
3.548134e+05 0.000000e+00 0.000000e+00
5.623413e+05 0.000000e+00 0.000000e+00
8.912509e+05 3.945000e-03 1.404457e-04
1.412538e+06 1.385550e-01 8.323311e-04
2.238721e+06 2.365000e-01 1.087428e-03
3.548134e+06 3.237500e-01 1.272301e-03
5.623413e+06 6.101350e-01 1.746618e-03
8.912509e+06 4.316450e-01 1.469090e-03
1.412538e+07 2.749450e-01 1.172487e-03
2.238721e+07 1.719850e-01 9.273214e-04
3.548134e+07 1.116750e-01 7.472449e-04
5.623413e+07 7.444000e-02 6.100820e-04
8.912509e+07 5.130000e-02 5.064583e-04
1.412538e+08 3.666000e-02 4.281355e-04
2.238721e+08 2.671500e-02 3.654791e-04
3.548134e+08 1.900500e-02 3.082613e-04
5.623413e+08 1.407500e-02 2.652829e-04
8.912509e+08 1.091500e-02 2.336129e-04
1.412538e+09 8.010000e-03 2.001250e-04
2.238721e+09 5.630000e-03 1.677796e-04
3.548134e+09 4.030000e-03 1.419507e-04
5.623413e+09 2.935000e-03 1.211404e-04
8.912509e+09 2.205000e-03 1.050000e-04
1.412538e+10 2.055000e-03 1.013657e-04
2.238721e+10 1.260000e-03 7.937254e-05
3.548134e+10 6.700000e-04 5.787918e-05
5.623413e+10 2.650000e-04 3.640055e-05
8.912509e+10 1.700000e-04 2.915476e-05
1.412538e+11 1.000000e-05 7.071068e-06
2.238721e+11 0.000000e+00 0.000000e+00
3.548134e+11 0.000000e+00 0.000000e+00
5.623413e+11 0.000000e+00 0.000000e+00
8.912509e+11 0.000000e+00 0.000000e+00
1.412538e+12 0.000000e+00 0.000000e+00
