# Galaxy Stellar mass function in 100kpc 3D aperture
# BoxSize= 25 Mpc z= 2.478413
# M_* [Msun] N [-] sigma
2.238721e+05 0.000000e+00 0.000000e+00
3.548134e+05 0.000000e+00 0.000000e+00
5.623413e+05 0.000000e+00 0.000000e+00
8.912509e+05 2.560000e-03 9.050967e-04
1.412538e+06 1.254400e-01 6.335677e-03
2.238721e+06 2.377600e-01 8.722568e-03
3.548134e+06 3.283200e-01 1.025000e-02
5.623413e+06 6.412800e-01 1.432514e-02
8.912509e+06 4.656000e-01 1.220623e-02
1.412538e+07 2.956800e-01 9.727158e-03
2.238721e+07 1.756800e-01 7.497840e-03
3.548134e+07 1.148800e-01 6.063135e-03
5.623413e+07 8.288000e-02 5.149913e-03
8.912509e+07 5.248000e-02 4.098000e-03
1.412538e+08 3.200000e-02 3.200000e-03
2.238721e+08 2.336000e-02 2.734081e-03
3.548134e+08 1.600000e-02 2.262742e-03
5.623413e+08 1.600000e-02 2.262742e-03
8.912509e+08 8.640000e-03 1.662769e-03
1.412538e+09 9.280000e-03 1.723253e-03
2.238721e+09 5.760000e-03 1.357645e-03
3.548134e+09 3.520000e-03 1.061320e-03
5.623413e+09 3.520000e-03 1.061320e-03
8.912509e+09 2.880000e-03 9.600000e-04
1.412538e+10 1.600000e-03 7.155418e-04
2.238721e+10 6.400000e-04 4.525483e-04
3.548134e+10 0.000000e+00 0.000000e+00
5.623413e+10 0.000000e+00 0.000000e+00
8.912509e+10 0.000000e+00 0.000000e+00
1.412538e+11 0.000000e+00 0.000000e+00
2.238721e+11 0.000000e+00 0.000000e+00
3.548134e+11 0.000000e+00 0.000000e+00
5.623413e+11 0.000000e+00 0.000000e+00
8.912509e+11 0.000000e+00 0.000000e+00
1.412538e+12 0.000000e+00 0.000000e+00
