# Galaxy Stellar mass function in 50kpc 3D aperture
# BoxSize= 25 Mpc z= 3.016505
# M_* [Msun] N [-] sigma
2.238721e+05 0.000000e+00 0.000000e+00
3.548134e+05 0.000000e+00 0.000000e+00
5.623413e+05 0.000000e+00 0.000000e+00
8.912509e+05 0.000000e+00 0.000000e+00
1.412538e+06 1.417600e-01 6.735221e-03
2.238721e+06 2.678400e-01 9.257905e-03
3.548134e+06 3.712000e-01 1.089881e-02
5.623413e+06 6.492800e-01 1.441422e-02
8.912509e+06 5.286400e-01 1.300634e-02
1.412538e+07 2.771200e-01 9.416921e-03
2.238721e+07 1.619200e-01 7.198222e-03
3.548134e+07 1.097600e-01 5.926483e-03
5.623413e+07 6.304000e-02 4.491414e-03
8.912509e+07 3.616000e-02 3.401647e-03
1.412538e+08 2.976000e-02 3.085968e-03
2.238721e+08 1.600000e-02 2.262742e-03
3.548134e+08 1.344000e-02 2.073837e-03
5.623413e+08 1.120000e-02 1.893146e-03
8.912509e+08 1.024000e-02 1.810193e-03
1.412538e+09 6.720000e-03 1.466424e-03
2.238721e+09 2.560000e-03 9.050967e-04
3.548134e+09 2.880000e-03 9.600000e-04
5.623413e+09 2.560000e-03 9.050967e-04
8.912509e+09 6.400000e-04 4.525483e-04
1.412538e+10 3.200000e-04 3.200000e-04
2.238721e+10 3.200000e-04 3.200000e-04
3.548134e+10 0.000000e+00 0.000000e+00
5.623413e+10 0.000000e+00 0.000000e+00
8.912509e+10 0.000000e+00 0.000000e+00
1.412538e+11 0.000000e+00 0.000000e+00
2.238721e+11 0.000000e+00 0.000000e+00
3.548134e+11 0.000000e+00 0.000000e+00
5.623413e+11 0.000000e+00 0.000000e+00
8.912509e+11 0.000000e+00 0.000000e+00
1.412538e+12 0.000000e+00 0.000000e+00
