# Galaxy Stellar mass function in 100kpc 3D aperture
# BoxSize= 100 Mpc z= 2.012410
# M_* [Msun] N [-] sigma
2.238721e+05 0.000000e+00 0.000000e+00
3.548134e+05 0.000000e+00 0.000000e+00
5.623413e+05 0.000000e+00 0.000000e+00
8.912509e+05 3.228500e-02 4.017773e-04
1.412538e+06 1.065750e-01 7.299829e-04
2.238721e+06 2.255550e-01 1.061968e-03
3.548134e+06 3.379300e-01 1.299865e-03
5.623413e+06 5.660550e-01 1.682342e-03
8.912509e+06 3.964700e-01 1.407960e-03
1.412538e+07 2.698400e-01 1.161551e-03
2.238721e+07 1.748950e-01 9.351337e-04
3.548134e+07 1.198250e-01 7.740317e-04
5.623413e+07 8.110500e-02 6.368084e-04
8.912509e+07 5.785000e-02 5.378197e-04
1.412538e+08 4.099000e-02 4.527140e-04
2.238721e+08 3.115500e-02 3.946834e-04
3.548134e+08 2.307500e-02 3.396690e-04
5.623413e+08 1.759000e-02 2.965637e-04
8.912509e+08 1.286000e-02 2.535744e-04
1.412538e+09 1.030500e-02 2.269912e-04
2.238721e+09 7.660000e-03 1.957039e-04
3.548134e+09 5.440000e-03 1.649242e-04
5.623413e+09 3.745000e-03 1.368393e-04
8.912509e+09 3.215000e-03 1.267872e-04
1.412538e+10 2.990000e-03 1.222702e-04
2.238721e+10 1.890000e-03 9.721111e-05
3.548134e+10 1.270000e-03 7.968689e-05
5.623413e+10 5.100000e-04 5.049752e-05
8.912509e+10 2.600000e-04 3.605551e-05
1.412538e+11 7.500000e-05 1.936492e-05
2.238721e+11 1.500000e-05 8.660254e-06
3.548134e+11 5.000000e-06 5.000000e-06
5.623413e+11 0.000000e+00 0.000000e+00
8.912509e+11 0.000000e+00 0.000000e+00
1.412538e+12 0.000000e+00 0.000000e+00
