# Galaxy Stellar mass function in 50kpc 3D aperture
# BoxSize= 25 Mpc z= 0.000000
# M_* [Msun] N [-] sigma
2.238721e+05 0.000000e+00 0.000000e+00
3.548134e+05 0.000000e+00 0.000000e+00
5.623413e+05 0.000000e+00 0.000000e+00
8.912509e+05 1.161600e-01 6.096819e-03
1.412538e+06 1.056000e-02 1.838260e-03
2.238721e+06 1.510400e-01 6.952180e-03
3.548134e+06 2.944000e-01 9.706081e-03
5.623413e+06 2.108800e-01 8.214718e-03
8.912509e+06 1.955200e-01 7.909893e-03
1.412538e+07 1.555200e-01 7.054530e-03
2.238721e+07 1.270400e-01 6.375955e-03
3.548134e+07 9.440000e-02 5.496180e-03
5.623413e+07 7.456000e-02 4.884588e-03
8.912509e+07 5.248000e-02 4.098000e-03
1.412538e+08 4.224000e-02 3.676520e-03
2.238721e+08 3.360000e-02 3.279024e-03
3.548134e+08 2.528000e-02 2.844222e-03
5.623413e+08 1.888000e-02 2.457967e-03
8.912509e+08 1.760000e-02 2.373184e-03
1.412538e+09 1.248000e-02 1.998399e-03
2.238721e+09 9.600000e-03 1.752712e-03
3.548134e+09 6.080000e-03 1.394848e-03
5.623413e+09 7.680000e-03 1.567673e-03
8.912509e+09 9.280000e-03 1.723253e-03
1.412538e+10 6.080000e-03 1.394848e-03
2.238721e+10 3.840000e-03 1.108513e-03
3.548134e+10 4.800000e-03 1.239355e-03
5.623413e+10 3.840000e-03 1.108513e-03
8.912509e+10 1.280000e-03 6.400000e-04
1.412538e+11 3.200000e-04 3.200000e-04
2.238721e+11 0.000000e+00 0.000000e+00
3.548134e+11 0.000000e+00 0.000000e+00
5.623413e+11 0.000000e+00 0.000000e+00
8.912509e+11 0.000000e+00 0.000000e+00
1.412538e+12 0.000000e+00 0.000000e+00
