# Galaxy Stellar mass function in 30kpc 3D aperture
# BoxSize= 25 Mpc z= 2.478413
# M_* [Msun] N [-] sigma
2.238721e+05 0.000000e+00 0.000000e+00
3.548134e+05 0.000000e+00 0.000000e+00
5.623413e+05 0.000000e+00 0.000000e+00
8.912509e+05 2.560000e-03 9.050967e-04
1.412538e+06 1.251200e-01 6.327590e-03
2.238721e+06 2.384000e-01 8.734300e-03
3.548134e+06 3.289600e-01 1.025998e-02
5.623413e+06 6.403200e-01 1.431441e-02
8.912509e+06 4.652800e-01 1.220203e-02
1.412538e+07 2.956800e-01 9.727158e-03
2.238721e+07 1.756800e-01 7.497840e-03
3.548134e+07 1.155200e-01 6.080000e-03
5.623413e+07 8.224000e-02 5.129990e-03
8.912509e+07 5.440000e-02 4.172290e-03
1.412538e+08 3.008000e-02 3.102515e-03
2.238721e+08 2.368000e-02 2.752744e-03
3.548134e+08 1.568000e-02 2.240000e-03
5.623413e+08 1.600000e-02 2.262742e-03
8.912509e+08 8.640000e-03 1.662769e-03
1.412538e+09 9.600000e-03 1.752712e-03
2.238721e+09 5.440000e-03 1.319394e-03
3.548134e+09 3.840000e-03 1.108513e-03
5.623413e+09 3.200000e-03 1.011929e-03
8.912509e+09 2.880000e-03 9.600000e-04
1.412538e+10 1.600000e-03 7.155418e-04
2.238721e+10 6.400000e-04 4.525483e-04
3.548134e+10 0.000000e+00 0.000000e+00
5.623413e+10 0.000000e+00 0.000000e+00
8.912509e+10 0.000000e+00 0.000000e+00
1.412538e+11 0.000000e+00 0.000000e+00
2.238721e+11 0.000000e+00 0.000000e+00
3.548134e+11 0.000000e+00 0.000000e+00
5.623413e+11 0.000000e+00 0.000000e+00
8.912509e+11 0.000000e+00 0.000000e+00
1.412538e+12 0.000000e+00 0.000000e+00
