# Galaxy Stellar mass function in 50kpc 3D aperture
# BoxSize= 100 Mpc z= 0.503107
# M_* [Msun] N [-] sigma
2.238721e+05 0.000000e+00 0.000000e+00
3.548134e+05 0.000000e+00 0.000000e+00
5.623413e+05 0.000000e+00 0.000000e+00
8.912509e+05 1.173500e-01 7.659961e-04
1.412538e+06 1.577500e-02 2.808469e-04
2.238721e+06 1.801150e-01 9.489863e-04
3.548134e+06 3.468450e-01 1.316900e-03
5.623413e+06 2.670200e-01 1.155465e-03
8.912509e+06 2.408800e-01 1.097452e-03
1.412538e+07 1.770800e-01 9.409570e-04
2.238721e+07 1.412250e-01 8.403124e-04
3.548134e+07 1.084800e-01 7.364781e-04
5.623413e+07 8.032500e-02 6.337389e-04
8.912509e+07 5.971000e-02 5.463973e-04
1.412538e+08 4.417000e-02 4.699468e-04
2.238721e+08 3.333000e-02 4.082279e-04
3.548134e+08 2.511000e-02 3.543304e-04
5.623413e+08 2.085000e-02 3.228777e-04
8.912509e+08 1.708500e-02 2.922756e-04
1.412538e+09 1.369500e-02 2.616773e-04
2.238721e+09 1.144500e-02 2.392175e-04
3.548134e+09 9.215000e-03 2.146509e-04
5.623413e+09 7.115000e-03 1.886134e-04
8.912509e+09 6.000000e-03 1.732051e-04
1.412538e+10 5.225000e-03 1.616323e-04
2.238721e+10 4.280000e-03 1.462874e-04
3.548134e+10 3.115000e-03 1.247998e-04
5.623413e+10 2.060000e-03 1.014889e-04
8.912509e+10 1.045000e-03 7.228416e-05
1.412538e+11 4.500000e-04 4.743416e-05
2.238721e+11 2.050000e-04 3.201562e-05
3.548134e+11 4.000000e-05 1.414214e-05
5.623413e+11 1.000000e-05 7.071068e-06
8.912509e+11 0.000000e+00 0.000000e+00
1.412538e+12 0.000000e+00 0.000000e+00
