# Galaxy Stellar mass function in 30kpc 3D aperture
# BoxSize= 100 Mpc z= 0.270901
# M_* [Msun] N [-] sigma
2.238721e+05 0.000000e+00 0.000000e+00
3.548134e+05 0.000000e+00 0.000000e+00
5.623413e+05 0.000000e+00 0.000000e+00
8.912509e+05 1.268800e-01 7.964923e-04
1.412538e+06 1.116500e-02 2.362731e-04
2.238721e+06 1.683500e-01 9.174693e-04
3.548134e+06 3.167800e-01 1.258531e-03
5.623413e+06 2.289050e-01 1.069825e-03
8.912509e+06 2.167900e-01 1.041129e-03
1.412538e+07 1.624500e-01 9.012491e-04
2.238721e+07 1.327350e-01 8.146625e-04
3.548134e+07 1.030250e-01 7.177221e-04
5.623413e+07 7.544000e-02 6.141661e-04
8.912509e+07 5.658000e-02 5.318834e-04
1.412538e+08 4.218000e-02 4.592385e-04
2.238721e+08 3.181000e-02 3.988107e-04
3.548134e+08 2.463000e-02 3.509273e-04
5.623413e+08 1.964500e-02 3.134087e-04
8.912509e+08 1.645000e-02 2.867926e-04
1.412538e+09 1.359500e-02 2.607202e-04
2.238721e+09 1.126500e-02 2.373289e-04
3.548134e+09 9.355000e-03 2.162753e-04
5.623413e+09 7.255000e-03 1.904600e-04
8.912509e+09 5.895000e-03 1.716828e-04
1.412538e+10 5.180000e-03 1.609348e-04
2.238721e+10 4.355000e-03 1.475635e-04
3.548134e+10 3.335000e-03 1.291317e-04
5.623413e+10 2.000000e-03 1.000000e-04
8.912509e+10 1.150000e-03 7.582875e-05
1.412538e+11 4.550000e-04 4.769696e-05
2.238721e+11 1.600000e-04 2.828427e-05
3.548134e+11 5.000000e-05 1.581139e-05
5.623413e+11 5.000000e-06 5.000000e-06
8.912509e+11 0.000000e+00 0.000000e+00
1.412538e+12 0.000000e+00 0.000000e+00
