# Galaxy Stellar mass function in 30kpc 3D aperture
# BoxSize= 25 Mpc z= 0.000000
# M_* [Msun] N [-] sigma
2.238721e+05 0.000000e+00 0.000000e+00
3.548134e+05 0.000000e+00 0.000000e+00
5.623413e+05 0.000000e+00 0.000000e+00
8.912509e+05 1.174400e-01 6.130318e-03
1.412538e+06 1.056000e-02 1.838260e-03
2.238721e+06 1.504000e-01 6.937435e-03
3.548134e+06 2.979200e-01 9.763934e-03
5.623413e+06 2.089600e-01 8.177237e-03
8.912509e+06 1.945600e-01 7.890450e-03
1.412538e+07 1.552000e-01 7.047269e-03
2.238721e+07 1.289600e-01 6.423955e-03
3.548134e+07 9.312000e-02 5.458791e-03
5.623413e+07 7.424000e-02 4.874095e-03
8.912509e+07 5.216000e-02 4.085487e-03
1.412538e+08 4.192000e-02 3.662567e-03
2.238721e+08 3.392000e-02 3.294602e-03
3.548134e+08 2.464000e-02 2.807989e-03
5.623413e+08 1.856000e-02 2.437047e-03
8.912509e+08 1.792000e-02 2.394661e-03
1.412538e+09 1.280000e-02 2.023858e-03
2.238721e+09 9.280000e-03 1.723253e-03
3.548134e+09 6.080000e-03 1.394848e-03
5.623413e+09 7.360000e-03 1.534666e-03
8.912509e+09 9.280000e-03 1.723253e-03
1.412538e+10 7.040000e-03 1.500933e-03
2.238721e+10 2.880000e-03 9.600000e-04
3.548134e+10 5.760000e-03 1.357645e-03
5.623413e+10 3.840000e-03 1.108513e-03
8.912509e+10 6.400000e-04 4.525483e-04
1.412538e+11 0.000000e+00 0.000000e+00
2.238721e+11 0.000000e+00 0.000000e+00
3.548134e+11 0.000000e+00 0.000000e+00
5.623413e+11 0.000000e+00 0.000000e+00
8.912509e+11 0.000000e+00 0.000000e+00
1.412538e+12 0.000000e+00 0.000000e+00
