# Galaxy Stellar mass function in 30kpc 3D aperture
# BoxSize= 25 Mpc z= 0.100639
# M_* [Msun] N [-] sigma
2.238721e+05 0.000000e+00 0.000000e+00
3.548134e+05 0.000000e+00 0.000000e+00
5.623413e+05 0.000000e+00 0.000000e+00
8.912509e+05 1.184000e-01 6.155323e-03
1.412538e+06 1.184000e-02 1.946484e-03
2.238721e+06 1.558400e-01 7.061784e-03
3.548134e+06 3.116800e-01 9.986871e-03
5.623413e+06 2.256000e-01 8.496588e-03
8.912509e+06 2.067200e-01 8.133290e-03
1.412538e+07 1.584000e-01 7.119551e-03
2.238721e+07 1.344000e-01 6.558048e-03
3.548134e+07 1.004800e-01 5.670414e-03
5.623413e+07 7.264000e-02 4.821286e-03
8.912509e+07 5.600000e-02 4.233202e-03
1.412538e+08 4.128000e-02 3.634501e-03
2.238721e+08 3.552000e-02 3.371409e-03
3.548134e+08 2.464000e-02 2.807989e-03
5.623413e+08 2.048000e-02 2.560000e-03
8.912509e+08 1.632000e-02 2.285257e-03
1.412538e+09 1.088000e-02 1.865905e-03
2.238721e+09 1.280000e-02 2.023858e-03
3.548134e+09 5.120000e-03 1.280000e-03
5.623413e+09 8.640000e-03 1.662769e-03
8.912509e+09 9.280000e-03 1.723253e-03
1.412538e+10 6.720000e-03 1.466424e-03
2.238721e+10 3.520000e-03 1.061320e-03
3.548134e+10 6.400000e-03 1.431084e-03
5.623413e+10 2.880000e-03 9.600000e-04
8.912509e+10 6.400000e-04 4.525483e-04
1.412538e+11 0.000000e+00 0.000000e+00
2.238721e+11 0.000000e+00 0.000000e+00
3.548134e+11 0.000000e+00 0.000000e+00
5.623413e+11 0.000000e+00 0.000000e+00
8.912509e+11 0.000000e+00 0.000000e+00
1.412538e+12 0.000000e+00 0.000000e+00
