# Galaxy Stellar mass function in 100kpc 3D aperture
# BoxSize= 100 Mpc z= 0.270901
# M_* [Msun] N [-] sigma
2.238721e+05 0.000000e+00 0.000000e+00
3.548134e+05 0.000000e+00 0.000000e+00
5.623413e+05 0.000000e+00 0.000000e+00
8.912509e+05 1.270850e-01 7.971355e-04
1.412538e+06 1.117000e-02 2.363260e-04
2.238721e+06 1.678600e-01 9.161332e-04
3.548134e+06 3.161500e-01 1.257279e-03
5.623413e+06 2.286500e-01 1.069229e-03
8.912509e+06 2.169300e-01 1.041465e-03
1.412538e+07 1.627900e-01 9.021918e-04
2.238721e+07 1.327650e-01 8.147546e-04
3.548134e+07 1.030300e-01 7.177395e-04
5.623413e+07 7.564500e-02 6.150000e-04
8.912509e+07 5.673000e-02 5.325880e-04
1.412538e+08 4.221000e-02 4.594018e-04
2.238721e+08 3.191000e-02 3.994371e-04
3.548134e+08 2.481000e-02 3.522073e-04
5.623413e+08 1.973500e-02 3.141258e-04
8.912509e+08 1.651500e-02 2.873587e-04
1.412538e+09 1.364000e-02 2.611513e-04
2.238721e+09 1.117000e-02 2.363260e-04
3.548134e+09 9.465000e-03 2.175431e-04
5.623413e+09 7.275000e-03 1.907223e-04
8.912509e+09 5.855000e-03 1.710994e-04
1.412538e+10 5.180000e-03 1.609348e-04
2.238721e+10 4.200000e-03 1.449138e-04
3.548134e+10 3.265000e-03 1.277693e-04
5.623413e+10 2.155000e-03 1.038027e-04
8.912509e+10 1.195000e-03 7.729812e-05
1.412538e+11 6.150000e-04 5.545268e-05
2.238721e+11 2.650000e-04 3.640055e-05
3.548134e+11 1.050000e-04 2.291288e-05
5.623413e+11 2.500000e-05 1.118034e-05
8.912509e+11 5.000000e-06 5.000000e-06
1.412538e+12 0.000000e+00 0.000000e+00
