# Galaxy Stellar mass function in 30kpc 3D aperture
# BoxSize= 100 Mpc z= 2.478413
# M_* [Msun] N [-] sigma
2.238721e+05 0.000000e+00 0.000000e+00
3.548134e+05 0.000000e+00 0.000000e+00
5.623413e+05 0.000000e+00 0.000000e+00
8.912509e+05 3.950000e-03 1.405347e-04
1.412538e+06 1.384300e-01 8.319555e-04
2.238721e+06 2.364950e-01 1.087417e-03
3.548134e+06 3.238000e-01 1.272399e-03
5.623413e+06 6.102450e-01 1.746776e-03
8.912509e+06 4.316300e-01 1.469064e-03
1.412538e+07 2.749750e-01 1.172551e-03
2.238721e+07 1.719300e-01 9.271731e-04
3.548134e+07 1.116450e-01 7.471446e-04
5.623413e+07 7.445000e-02 6.101229e-04
8.912509e+07 5.129000e-02 5.064089e-04
1.412538e+08 3.667000e-02 4.281939e-04
2.238721e+08 2.671000e-02 3.654449e-04
3.548134e+08 1.892000e-02 3.075711e-04
5.623413e+08 1.413500e-02 2.658477e-04
8.912509e+08 1.091500e-02 2.336129e-04
1.412538e+09 7.905000e-03 1.988090e-04
2.238721e+09 5.630000e-03 1.677796e-04
3.548134e+09 3.990000e-03 1.412445e-04
5.623413e+09 2.925000e-03 1.209339e-04
8.912509e+09 2.210000e-03 1.051190e-04
1.412538e+10 2.050000e-03 1.012423e-04
2.238721e+10 1.230000e-03 7.842194e-05
3.548134e+10 6.450000e-04 5.678908e-05
5.623413e+10 2.600000e-04 3.605551e-05
8.912509e+10 1.200000e-04 2.449490e-05
1.412538e+11 1.000000e-05 7.071068e-06
2.238721e+11 0.000000e+00 0.000000e+00
3.548134e+11 0.000000e+00 0.000000e+00
5.623413e+11 0.000000e+00 0.000000e+00
8.912509e+11 0.000000e+00 0.000000e+00
1.412538e+12 0.000000e+00 0.000000e+00
