# Galaxy Stellar mass function in 100kpc 3D aperture
# BoxSize= 100 Mpc z= 0.503107
# M_* [Msun] N [-] sigma
2.238721e+05 0.000000e+00 0.000000e+00
3.548134e+05 0.000000e+00 0.000000e+00
5.623413e+05 0.000000e+00 0.000000e+00
8.912509e+05 1.174000e-01 7.661593e-04
1.412538e+06 1.577500e-02 2.808469e-04
2.238721e+06 1.801050e-01 9.489600e-04
3.548134e+06 3.468050e-01 1.316824e-03
5.623413e+06 2.670250e-01 1.155476e-03
8.912509e+06 2.408300e-01 1.097338e-03
1.412538e+07 1.770700e-01 9.409304e-04
2.238721e+07 1.411800e-01 8.401786e-04
3.548134e+07 1.084800e-01 7.364781e-04
5.623413e+07 8.035500e-02 6.338572e-04
8.912509e+07 5.966000e-02 5.461685e-04
1.412538e+08 4.415000e-02 4.698404e-04
2.238721e+08 3.335500e-02 4.083809e-04
3.548134e+08 2.518000e-02 3.548239e-04
5.623413e+08 2.083500e-02 3.227615e-04
8.912509e+08 1.712000e-02 2.925748e-04
1.412538e+09 1.366000e-02 2.613427e-04
2.238721e+09 1.147500e-02 2.395308e-04
3.548134e+09 9.225000e-03 2.147673e-04
5.623413e+09 7.130000e-03 1.888121e-04
8.912509e+09 5.995000e-03 1.731329e-04
1.412538e+10 5.215000e-03 1.614776e-04
2.238721e+10 4.275000e-03 1.462019e-04
3.548134e+10 3.030000e-03 1.230853e-04
5.623413e+10 2.070000e-03 1.017349e-04
8.912509e+10 1.080000e-03 7.348469e-05
1.412538e+11 5.100000e-04 5.049752e-05
2.238721e+11 2.600000e-04 3.605551e-05
3.548134e+11 6.500000e-05 1.802776e-05
5.623413e+11 2.000000e-05 1.000000e-05
8.912509e+11 0.000000e+00 0.000000e+00
1.412538e+12 0.000000e+00 0.000000e+00
