# Galaxy Stellar mass function in 50kpc 3D aperture
# BoxSize= 100 Mpc z= 0.100639
# M_* [Msun] N [-] sigma
2.238721e+05 0.000000e+00 0.000000e+00
3.548134e+05 0.000000e+00 0.000000e+00
5.623413e+05 0.000000e+00 0.000000e+00
8.912509e+05 1.340750e-01 8.187643e-04
1.412538e+06 8.365000e-03 2.045116e-04
2.238721e+06 1.592150e-01 8.922304e-04
3.548134e+06 2.890850e-01 1.202258e-03
5.623413e+06 2.042200e-01 1.010495e-03
8.912509e+06 2.010150e-01 1.002534e-03
1.412538e+07 1.529450e-01 8.744856e-04
2.238721e+07 1.252450e-01 7.913438e-04
3.548134e+07 9.769000e-02 6.988920e-04
5.623413e+07 7.229500e-02 6.012279e-04
8.912509e+07 5.450500e-02 5.220393e-04
1.412538e+08 4.046500e-02 4.498055e-04
2.238721e+08 3.078000e-02 3.923009e-04
3.548134e+08 2.374000e-02 3.445287e-04
5.623413e+08 1.860000e-02 3.049590e-04
8.912509e+08 1.595500e-02 2.824447e-04
1.412538e+09 1.349500e-02 2.597595e-04
2.238721e+09 1.093000e-02 2.337734e-04
3.548134e+09 9.055000e-03 2.127792e-04
5.623413e+09 7.425000e-03 1.926785e-04
8.912509e+09 5.810000e-03 1.704406e-04
1.412538e+10 5.205000e-03 1.613227e-04
2.238721e+10 4.125000e-03 1.436141e-04
3.548134e+10 3.260000e-03 1.276715e-04
5.623413e+10 2.050000e-03 1.012423e-04
8.912509e+10 1.280000e-03 8.000000e-05
1.412538e+11 6.200000e-04 5.567764e-05
2.238721e+11 2.350000e-04 3.427827e-05
3.548134e+11 9.000000e-05 2.121320e-05
5.623413e+11 2.500000e-05 1.118034e-05
8.912509e+11 0.000000e+00 0.000000e+00
1.412538e+12 0.000000e+00 0.000000e+00
