# Galaxy Stellar mass function in 100kpc 3D aperture
# BoxSize= 100 Mpc z= 0.000000
# M_* [Msun] N [-] sigma
2.238721e+05 0.000000e+00 0.000000e+00
3.548134e+05 0.000000e+00 0.000000e+00
5.623413e+05 0.000000e+00 0.000000e+00
8.912509e+05 1.364650e-01 8.260297e-04
1.412538e+06 6.490000e-03 1.801388e-04
2.238721e+06 1.538750e-01 8.771402e-04
3.548134e+06 2.747450e-01 1.172060e-03
5.623413e+06 1.905150e-01 9.759995e-04
8.912509e+06 1.908500e-01 9.768572e-04
1.412538e+07 1.467750e-01 8.566650e-04
2.238721e+07 1.214350e-01 7.792143e-04
3.548134e+07 9.452500e-02 6.874773e-04
5.623413e+07 6.983000e-02 5.908892e-04
8.912509e+07 5.263500e-02 5.130058e-04
1.412538e+08 3.955000e-02 4.446909e-04
2.238721e+08 3.013500e-02 3.881688e-04
3.548134e+08 2.310000e-02 3.398529e-04
5.623413e+08 1.839500e-02 3.032738e-04
8.912509e+08 1.569500e-02 2.801339e-04
1.412538e+09 1.315000e-02 2.564176e-04
2.238721e+09 1.067000e-02 2.309762e-04
3.548134e+09 9.075000e-03 2.130141e-04
5.623413e+09 7.230000e-03 1.901315e-04
8.912509e+09 5.815000e-03 1.705139e-04
1.412538e+10 5.135000e-03 1.602342e-04
2.238721e+10 4.115000e-03 1.434399e-04
3.548134e+10 3.070000e-03 1.238951e-04
5.623413e+10 2.055000e-03 1.013657e-04
8.912509e+10 1.185000e-03 7.697402e-05
1.412538e+11 8.000000e-04 6.324555e-05
2.238721e+11 2.800000e-04 3.741657e-05
3.548134e+11 1.350000e-04 2.598076e-05
5.623413e+11 4.000000e-05 1.414214e-05
8.912509e+11 1.500000e-05 8.660254e-06
1.412538e+12 0.000000e+00 0.000000e+00
