# Galaxy Stellar mass function in 50kpc 3D aperture
# BoxSize= 25 Mpc z= 2.012410
# M_* [Msun] N [-] sigma
2.238721e+05 0.000000e+00 0.000000e+00
3.548134e+05 0.000000e+00 0.000000e+00
5.623413e+05 0.000000e+00 0.000000e+00
8.912509e+05 2.592000e-02 2.880000e-03
1.412538e+06 9.792000e-02 5.597714e-03
2.238721e+06 2.182400e-01 8.356842e-03
3.548134e+06 3.392000e-01 1.041845e-02
5.623413e+06 5.881600e-01 1.371901e-02
8.912509e+06 4.176000e-01 1.155993e-02
1.412538e+07 3.049600e-01 9.878623e-03
2.238721e+07 1.820800e-01 7.633191e-03
3.548134e+07 1.264000e-01 6.359874e-03
5.623413e+07 8.800000e-02 5.306600e-03
8.912509e+07 5.984000e-02 4.375934e-03
1.412538e+08 4.384000e-02 3.745504e-03
2.238721e+08 2.752000e-02 2.967558e-03
3.548134e+08 1.920000e-02 2.478709e-03
5.623413e+08 1.440000e-02 2.146625e-03
8.912509e+08 1.216000e-02 1.972612e-03
1.412538e+09 8.640000e-03 1.662769e-03
2.238721e+09 6.720000e-03 1.466424e-03
3.548134e+09 6.720000e-03 1.466424e-03
5.623413e+09 4.160000e-03 1.153776e-03
8.912509e+09 3.200000e-03 1.011929e-03
1.412538e+10 3.840000e-03 1.108513e-03
2.238721e+10 1.600000e-03 7.155418e-04
3.548134e+10 6.400000e-04 4.525483e-04
5.623413e+10 0.000000e+00 0.000000e+00
8.912509e+10 0.000000e+00 0.000000e+00
1.412538e+11 0.000000e+00 0.000000e+00
2.238721e+11 0.000000e+00 0.000000e+00
3.548134e+11 0.000000e+00 0.000000e+00
5.623413e+11 0.000000e+00 0.000000e+00
8.912509e+11 0.000000e+00 0.000000e+00
1.412538e+12 0.000000e+00 0.000000e+00
