# Galaxy Stellar mass function in 50kpc 3D aperture
# BoxSize= 100 Mpc z= 2.012410
# M_* [Msun] N [-] sigma
2.238721e+05 0.000000e+00 0.000000e+00
3.548134e+05 0.000000e+00 0.000000e+00
5.623413e+05 0.000000e+00 0.000000e+00
8.912509e+05 3.228500e-02 4.017773e-04
1.412538e+06 1.065700e-01 7.299658e-04
2.238721e+06 2.255450e-01 1.061944e-03
3.548134e+06 3.379300e-01 1.299865e-03
5.623413e+06 5.660950e-01 1.682402e-03
8.912509e+06 3.964800e-01 1.407977e-03
1.412538e+07 2.698300e-01 1.161529e-03
2.238721e+07 1.749150e-01 9.351871e-04
3.548134e+07 1.198400e-01 7.740801e-04
5.623413e+07 8.112500e-02 6.368870e-04
8.912509e+07 5.781500e-02 5.376570e-04
1.412538e+08 4.097500e-02 4.526312e-04
2.238721e+08 3.117500e-02 3.948101e-04
3.548134e+08 2.305500e-02 3.395217e-04
5.623413e+08 1.759500e-02 2.966058e-04
8.912509e+08 1.287500e-02 2.537223e-04
1.412538e+09 1.027000e-02 2.266054e-04
2.238721e+09 7.650000e-03 1.955761e-04
3.548134e+09 5.440000e-03 1.649242e-04
5.623413e+09 3.750000e-03 1.369306e-04
8.912509e+09 3.240000e-03 1.272792e-04
1.412538e+10 2.995000e-03 1.223724e-04
2.238721e+10 1.905000e-03 9.759611e-05
3.548134e+10 1.230000e-03 7.842194e-05
5.623413e+10 5.000000e-04 5.000000e-05
8.912509e+10 2.400000e-04 3.464102e-05
1.412538e+11 7.000000e-05 1.870829e-05
2.238721e+11 5.000000e-06 5.000000e-06
3.548134e+11 0.000000e+00 0.000000e+00
5.623413e+11 0.000000e+00 0.000000e+00
8.912509e+11 0.000000e+00 0.000000e+00
1.412538e+12 0.000000e+00 0.000000e+00
