# Galaxy Stellar mass function in 30kpc 3D aperture
# BoxSize= 25 Mpc z= 0.503107
# M_* [Msun] N [-] sigma
2.238721e+05 0.000000e+00 0.000000e+00
3.548134e+05 0.000000e+00 0.000000e+00
5.623413e+05 0.000000e+00 0.000000e+00
8.912509e+05 1.062400e-01 5.830677e-03
1.412538e+06 1.856000e-02 2.437047e-03
2.238721e+06 1.852800e-01 7.699974e-03
3.548134e+06 3.660800e-01 1.082338e-02
5.623413e+06 2.764800e-01 9.406041e-03
8.912509e+06 2.585600e-01 9.096109e-03
1.412538e+07 1.913600e-01 7.825292e-03
2.238721e+07 1.552000e-01 7.047269e-03
3.548134e+07 1.145600e-01 6.054684e-03
5.623413e+07 7.168000e-02 4.789321e-03
8.912509e+07 6.144000e-02 4.434050e-03
1.412538e+08 5.056000e-02 4.022338e-03
2.238721e+08 3.520000e-02 3.356188e-03
3.548134e+08 2.432000e-02 2.789695e-03
5.623413e+08 2.112000e-02 2.599692e-03
8.912509e+08 1.760000e-02 2.373184e-03
1.412538e+09 1.408000e-02 2.122640e-03
2.238721e+09 8.640000e-03 1.662769e-03
3.548134e+09 1.056000e-02 1.838260e-03
5.623413e+09 9.280000e-03 1.723253e-03
8.912509e+09 8.320000e-03 1.631686e-03
1.412538e+10 5.120000e-03 1.280000e-03
2.238721e+10 5.120000e-03 1.280000e-03
3.548134e+10 5.120000e-03 1.280000e-03
5.623413e+10 1.920000e-03 7.838367e-04
8.912509e+10 3.200000e-04 3.200000e-04
1.412538e+11 0.000000e+00 0.000000e+00
2.238721e+11 0.000000e+00 0.000000e+00
3.548134e+11 0.000000e+00 0.000000e+00
5.623413e+11 0.000000e+00 0.000000e+00
8.912509e+11 0.000000e+00 0.000000e+00
1.412538e+12 0.000000e+00 0.000000e+00
