# Galaxy Stellar mass function in 100kpc 3D aperture
# BoxSize= 100 Mpc z= 1.486707
# M_* [Msun] N [-] sigma
2.238721e+05 0.000000e+00 0.000000e+00
3.548134e+05 0.000000e+00 0.000000e+00
5.623413e+05 0.000000e+00 0.000000e+00
8.912509e+05 5.821000e-02 5.394905e-04
1.412538e+06 7.253000e-02 6.022043e-04
2.238721e+06 2.147550e-01 1.036231e-03
3.548134e+06 3.784200e-01 1.375536e-03
5.623413e+06 4.628350e-01 1.521241e-03
8.912509e+06 3.487850e-01 1.320578e-03
1.412538e+07 2.445350e-01 1.105746e-03
2.238721e+07 1.700950e-01 9.222120e-04
3.548134e+07 1.214600e-01 7.792946e-04
5.623413e+07 8.585500e-02 6.551908e-04
8.912509e+07 6.229500e-02 5.580995e-04
1.412538e+08 4.525500e-02 4.756837e-04
2.238721e+08 3.374000e-02 4.107311e-04
3.548134e+08 2.598000e-02 3.604164e-04
5.623413e+08 2.078000e-02 3.223352e-04
8.912509e+08 1.605500e-02 2.833284e-04
1.412538e+09 1.233500e-02 2.483445e-04
2.238721e+09 9.460000e-03 2.174856e-04
3.548134e+09 7.650000e-03 1.955761e-04
5.623413e+09 5.395000e-03 1.642407e-04
8.912509e+09 3.960000e-03 1.407125e-04
1.412538e+10 3.810000e-03 1.380217e-04
2.238721e+10 2.915000e-03 1.207270e-04
3.548134e+10 2.030000e-03 1.007472e-04
5.623413e+10 1.035000e-03 7.193747e-05
8.912509e+10 5.300000e-04 5.147815e-05
1.412538e+11 1.400000e-04 2.645751e-05
2.238721e+11 6.500000e-05 1.802776e-05
3.548134e+11 5.000000e-06 5.000000e-06
5.623413e+11 0.000000e+00 0.000000e+00
8.912509e+11 0.000000e+00 0.000000e+00
1.412538e+12 0.000000e+00 0.000000e+00
