# Galaxy Stellar mass function in 50kpc 3D aperture
# BoxSize= 25 Mpc z= 0.270901
# M_* [Msun] N [-] sigma
2.238721e+05 0.000000e+00 0.000000e+00
3.548134e+05 0.000000e+00 0.000000e+00
5.623413e+05 0.000000e+00 0.000000e+00
8.912509e+05 1.241600e-01 6.303269e-03
1.412538e+06 8.640000e-03 1.662769e-03
2.238721e+06 1.593600e-01 7.141092e-03
3.548134e+06 3.324800e-01 1.031473e-02
5.623413e+06 2.496000e-01 8.937114e-03
8.912509e+06 2.214400e-01 8.417886e-03
1.412538e+07 1.763200e-01 7.511485e-03
2.238721e+07 1.478400e-01 6.878139e-03
3.548134e+07 1.049600e-01 5.795446e-03
5.623413e+07 7.648000e-02 4.947080e-03
8.912509e+07 5.632000e-02 4.245280e-03
1.412538e+08 4.544000e-02 3.813240e-03
2.238721e+08 4.000000e-02 3.577709e-03
3.548134e+08 2.304000e-02 2.715290e-03
5.623413e+08 1.984000e-02 2.519683e-03
8.912509e+08 1.824000e-02 2.415947e-03
1.412538e+09 1.248000e-02 1.998399e-03
2.238721e+09 1.120000e-02 1.893146e-03
3.548134e+09 7.040000e-03 1.500933e-03
5.623413e+09 8.640000e-03 1.662769e-03
8.912509e+09 8.960000e-03 1.693281e-03
1.412538e+10 6.400000e-03 1.431084e-03
2.238721e+10 4.160000e-03 1.153776e-03
3.548134e+10 5.440000e-03 1.319394e-03
5.623413e+10 3.200000e-03 1.011929e-03
8.912509e+10 6.400000e-04 4.525483e-04
1.412538e+11 0.000000e+00 0.000000e+00
2.238721e+11 0.000000e+00 0.000000e+00
3.548134e+11 0.000000e+00 0.000000e+00
5.623413e+11 0.000000e+00 0.000000e+00
8.912509e+11 0.000000e+00 0.000000e+00
1.412538e+12 0.000000e+00 0.000000e+00
