# Galaxy Stellar mass function in 30kpc 3D aperture
# BoxSize= 100 Mpc z= 3.016505
# M_* [Msun] N [-] sigma
2.238721e+05 0.000000e+00 0.000000e+00
3.548134e+05 0.000000e+00 0.000000e+00
5.623413e+05 0.000000e+00 0.000000e+00
8.912509e+05 0.000000e+00 0.000000e+00
1.412538e+06 1.545600e-01 8.790904e-04
2.238721e+06 2.593950e-01 1.138848e-03
3.548134e+06 3.628200e-01 1.346885e-03
5.623413e+06 6.239900e-01 1.766338e-03
8.912509e+06 4.876000e-01 1.561410e-03
1.412538e+07 2.735450e-01 1.169498e-03
2.238721e+07 1.628100e-01 9.022472e-04
3.548134e+07 1.001750e-01 7.077252e-04
5.623413e+07 6.472500e-02 5.688805e-04
8.912509e+07 4.419000e-02 4.700532e-04
1.412538e+08 3.053500e-02 3.907365e-04
2.238721e+08 2.124500e-02 3.259218e-04
3.548134e+08 1.499000e-02 2.737700e-04
5.623413e+08 1.125500e-02 2.372235e-04
8.912509e+08 7.965000e-03 1.995620e-04
1.412538e+09 5.530000e-03 1.662829e-04
2.238721e+09 4.045000e-03 1.422146e-04
3.548134e+09 2.515000e-03 1.121383e-04
5.623413e+09 1.760000e-03 9.380832e-05
8.912509e+09 1.820000e-03 9.539392e-05
1.412538e+10 1.290000e-03 8.031189e-05
2.238721e+10 6.500000e-04 5.700877e-05
3.548134e+10 3.300000e-04 4.062019e-05
5.623413e+10 1.200000e-04 2.449490e-05
8.912509e+10 4.000000e-05 1.414214e-05
1.412538e+11 0.000000e+00 0.000000e+00
2.238721e+11 0.000000e+00 0.000000e+00
3.548134e+11 0.000000e+00 0.000000e+00
5.623413e+11 0.000000e+00 0.000000e+00
8.912509e+11 0.000000e+00 0.000000e+00
1.412538e+12 0.000000e+00 0.000000e+00
