# Galaxy Stellar mass function in 50kpc 3D aperture
# BoxSize= 100 Mpc z= 3.016505
# M_* [Msun] N [-] sigma
2.238721e+05 0.000000e+00 0.000000e+00
3.548134e+05 0.000000e+00 0.000000e+00
5.623413e+05 0.000000e+00 0.000000e+00
8.912509e+05 0.000000e+00 0.000000e+00
1.412538e+06 1.547000e-01 8.794885e-04
2.238721e+06 2.594050e-01 1.138870e-03
3.548134e+06 3.628200e-01 1.346885e-03
5.623413e+06 6.238400e-01 1.766126e-03
8.912509e+06 4.875800e-01 1.561378e-03
1.412538e+07 2.735700e-01 1.169551e-03
2.238721e+07 1.628300e-01 9.023026e-04
3.548134e+07 1.002600e-01 7.080254e-04
5.623413e+07 6.472500e-02 5.688805e-04
8.912509e+07 4.417500e-02 4.699734e-04
1.412538e+08 3.058000e-02 3.910243e-04
2.238721e+08 2.123000e-02 3.258067e-04
3.548134e+08 1.502500e-02 2.740894e-04
5.623413e+08 1.121000e-02 2.367488e-04
8.912509e+08 8.000000e-03 2.000000e-04
1.412538e+09 5.605000e-03 1.674067e-04
2.238721e+09 4.030000e-03 1.419507e-04
3.548134e+09 2.575000e-03 1.134681e-04
5.623413e+09 1.735000e-03 9.313968e-05
8.912509e+09 1.835000e-03 9.578622e-05
1.412538e+10 1.270000e-03 7.968689e-05
2.238721e+10 6.750000e-04 5.809475e-05
3.548134e+10 3.450000e-04 4.153312e-05
5.623413e+10 1.500000e-04 2.738613e-05
8.912509e+10 5.500000e-05 1.658312e-05
1.412538e+11 0.000000e+00 0.000000e+00
2.238721e+11 0.000000e+00 0.000000e+00
3.548134e+11 0.000000e+00 0.000000e+00
5.623413e+11 0.000000e+00 0.000000e+00
8.912509e+11 0.000000e+00 0.000000e+00
1.412538e+12 0.000000e+00 0.000000e+00
