# Galaxy Stellar mass function in 30kpc 3D aperture
# BoxSize= 100 Mpc z= 0.503107
# M_* [Msun] N [-] sigma
2.238721e+05 0.000000e+00 0.000000e+00
3.548134e+05 0.000000e+00 0.000000e+00
5.623413e+05 0.000000e+00 0.000000e+00
8.912509e+05 1.172350e-01 7.656207e-04
1.412538e+06 1.578000e-02 2.808914e-04
2.238721e+06 1.804350e-01 9.498289e-04
3.548134e+06 3.472250e-01 1.317621e-03
5.623413e+06 2.673300e-01 1.156136e-03
8.912509e+06 2.406300e-01 1.096882e-03
1.412538e+07 1.770800e-01 9.409570e-04
2.238721e+07 1.411300e-01 8.400298e-04
3.548134e+07 1.085000e-01 7.365460e-04
5.623413e+07 8.020500e-02 6.332653e-04
8.912509e+07 5.952000e-02 5.455273e-04
1.412538e+08 4.420500e-02 4.701330e-04
2.238721e+08 3.320000e-02 4.074310e-04
3.548134e+08 2.502500e-02 3.537301e-04
5.623413e+08 2.079500e-02 3.224515e-04
8.912509e+08 1.704000e-02 2.918904e-04
1.412538e+09 1.369000e-02 2.616295e-04
2.238721e+09 1.138500e-02 2.385896e-04
3.548134e+09 9.210000e-03 2.145926e-04
5.623413e+09 7.075000e-03 1.880824e-04
8.912509e+09 6.010000e-03 1.733494e-04
1.412538e+10 5.270000e-03 1.623268e-04
2.238721e+10 4.325000e-03 1.470544e-04
3.548134e+10 3.110000e-03 1.246996e-04
5.623413e+10 2.035000e-03 1.008712e-04
8.912509e+10 9.650000e-04 6.946222e-05
1.412538e+11 3.900000e-04 4.415880e-05
2.238721e+11 1.400000e-04 2.645751e-05
3.548134e+11 4.000000e-05 1.414214e-05
5.623413e+11 0.000000e+00 0.000000e+00
8.912509e+11 0.000000e+00 0.000000e+00
1.412538e+12 0.000000e+00 0.000000e+00
