# Galaxy Stellar mass function in 30kpc 3D aperture
# BoxSize= 25 Mpc z= 1.004122
# M_* [Msun] N [-] sigma
2.238721e+05 0.000000e+00 0.000000e+00
3.548134e+05 0.000000e+00 0.000000e+00
5.623413e+05 0.000000e+00 0.000000e+00
8.912509e+05 7.776000e-02 4.988306e-03
1.412538e+06 4.000000e-02 3.577709e-03
2.238721e+06 1.961600e-01 7.922828e-03
3.548134e+06 3.843200e-01 1.108974e-02
5.623413e+06 3.929600e-01 1.121371e-02
8.912509e+06 3.152000e-01 1.004311e-02
1.412538e+07 2.217600e-01 8.423966e-03
2.238721e+07 1.820800e-01 7.633191e-03
3.548134e+07 1.241600e-01 6.303269e-03
5.623413e+07 9.536000e-02 5.524056e-03
8.912509e+07 6.400000e-02 4.525483e-03
1.412538e+08 4.992000e-02 3.996799e-03
2.238721e+08 3.392000e-02 3.294602e-03
3.548134e+08 3.104000e-02 3.151634e-03
5.623413e+08 1.824000e-02 2.415947e-03
8.912509e+08 1.696000e-02 2.329635e-03
1.412538e+09 1.056000e-02 1.838260e-03
2.238721e+09 1.184000e-02 1.946484e-03
3.548134e+09 9.280000e-03 1.723253e-03
5.623413e+09 6.080000e-03 1.394848e-03
8.912509e+09 7.040000e-03 1.500933e-03
1.412538e+10 4.800000e-03 1.239355e-03
2.238721e+10 3.840000e-03 1.108513e-03
3.548134e+10 3.840000e-03 1.108513e-03
5.623413e+10 1.600000e-03 7.155418e-04
8.912509e+10 0.000000e+00 0.000000e+00
1.412538e+11 0.000000e+00 0.000000e+00
2.238721e+11 0.000000e+00 0.000000e+00
3.548134e+11 0.000000e+00 0.000000e+00
5.623413e+11 0.000000e+00 0.000000e+00
8.912509e+11 0.000000e+00 0.000000e+00
1.412538e+12 0.000000e+00 0.000000e+00
