# Galaxy Stellar mass function in 30kpc 3D aperture
# BoxSize= 25 Mpc z= 1.486707
# M_* [Msun] N [-] sigma
2.238721e+05 0.000000e+00 0.000000e+00
3.548134e+05 0.000000e+00 0.000000e+00
5.623413e+05 0.000000e+00 0.000000e+00
8.912509e+05 4.256000e-02 3.690420e-03
1.412538e+06 7.456000e-02 4.884588e-03
2.238721e+06 2.028800e-01 8.057394e-03
3.548134e+06 3.817600e-01 1.105275e-02
5.623413e+06 4.956800e-01 1.259435e-02
8.912509e+06 3.721600e-01 1.091289e-02
1.412538e+07 2.646400e-01 9.202434e-03
2.238721e+07 1.891200e-01 7.779357e-03
3.548134e+07 1.312000e-01 6.479506e-03
5.623413e+07 9.312000e-02 5.458791e-03
8.912509e+07 6.464000e-02 4.548055e-03
1.412538e+08 4.640000e-02 3.853310e-03
2.238721e+08 3.744000e-02 3.461329e-03
3.548134e+08 2.432000e-02 2.789695e-03
5.623413e+08 1.920000e-02 2.478709e-03
8.912509e+08 1.088000e-02 1.865905e-03
1.412538e+09 1.184000e-02 1.946484e-03
2.238721e+09 8.640000e-03 1.662769e-03
3.548134e+09 6.400000e-03 1.431084e-03
5.623413e+09 6.720000e-03 1.466424e-03
8.912509e+09 4.800000e-03 1.239355e-03
1.412538e+10 3.200000e-03 1.011929e-03
2.238721e+10 4.160000e-03 1.153776e-03
3.548134e+10 1.920000e-03 7.838367e-04
5.623413e+10 3.200000e-04 3.200000e-04
8.912509e+10 0.000000e+00 0.000000e+00
1.412538e+11 0.000000e+00 0.000000e+00
2.238721e+11 0.000000e+00 0.000000e+00
3.548134e+11 0.000000e+00 0.000000e+00
5.623413e+11 0.000000e+00 0.000000e+00
8.912509e+11 0.000000e+00 0.000000e+00
1.412538e+12 0.000000e+00 0.000000e+00
