# Galaxy Stellar mass function in 50kpc 3D aperture
# BoxSize= 100 Mpc z= 1.004122
# M_* [Msun] N [-] sigma
2.238721e+05 0.000000e+00 0.000000e+00
3.548134e+05 0.000000e+00 0.000000e+00
5.623413e+05 0.000000e+00 0.000000e+00
8.912509e+05 8.772000e-02 6.622688e-04
1.412538e+06 4.132500e-02 4.545602e-04
2.238721e+06 1.999800e-01 9.999500e-04
3.548134e+06 3.843450e-01 1.386263e-03
5.623413e+06 3.633500e-01 1.347869e-03
8.912509e+06 2.951150e-01 1.214732e-03
1.412538e+07 2.113300e-01 1.027935e-03
2.238721e+07 1.585750e-01 8.904353e-04
3.548134e+07 1.179300e-01 7.678867e-04
5.623413e+07 8.555500e-02 6.540451e-04
8.912509e+07 6.159000e-02 5.549324e-04
1.412538e+08 4.672500e-02 4.833477e-04
2.238721e+08 3.446000e-02 4.150904e-04
3.548134e+08 2.676500e-02 3.658210e-04
5.623413e+08 2.144000e-02 3.274141e-04
8.912509e+08 1.724500e-02 2.936409e-04
1.412538e+09 1.417500e-02 2.662236e-04
2.238721e+09 1.057500e-02 2.299456e-04
3.548134e+09 8.530000e-03 2.065188e-04
5.623413e+09 6.755000e-03 1.837798e-04
8.912509e+09 5.285000e-03 1.625577e-04
1.412538e+10 4.630000e-03 1.521512e-04
2.238721e+10 3.760000e-03 1.371131e-04
3.548134e+10 2.665000e-03 1.154340e-04
5.623413e+10 1.610000e-03 8.972179e-05
8.912509e+10 7.150000e-04 5.979130e-05
1.412538e+11 3.300000e-04 4.062019e-05
2.238721e+11 9.500000e-05 2.179449e-05
3.548134e+11 1.000000e-05 7.071068e-06
5.623413e+11 0.000000e+00 0.000000e+00
8.912509e+11 0.000000e+00 0.000000e+00
1.412538e+12 0.000000e+00 0.000000e+00
