# Galaxy Stellar mass function in 50kpc 3D aperture
# BoxSize= 100 Mpc z= 0.270901
# M_* [Msun] N [-] sigma
2.238721e+05 0.000000e+00 0.000000e+00
3.548134e+05 0.000000e+00 0.000000e+00
5.623413e+05 0.000000e+00 0.000000e+00
8.912509e+05 1.270450e-01 7.970100e-04
1.412538e+06 1.116500e-02 2.362731e-04
2.238721e+06 1.679050e-01 9.162560e-04
3.548134e+06 3.161850e-01 1.257348e-03
5.623413e+06 2.287500e-01 1.069462e-03
8.912509e+06 2.170150e-01 1.041669e-03
1.412538e+07 1.626600e-01 9.018315e-04
2.238721e+07 1.328000e-01 8.148620e-04
3.548134e+07 1.030950e-01 7.179659e-04
5.623413e+07 7.560500e-02 6.148374e-04
8.912509e+07 5.672500e-02 5.325646e-04
1.412538e+08 4.226500e-02 4.597010e-04
2.238721e+08 3.182500e-02 3.989048e-04
3.548134e+08 2.473000e-02 3.516390e-04
5.623413e+08 1.975000e-02 3.142451e-04
8.912509e+08 1.653000e-02 2.874891e-04
1.412538e+09 1.361500e-02 2.609119e-04
2.238721e+09 1.116500e-02 2.362731e-04
3.548134e+09 9.435000e-03 2.171981e-04
5.623413e+09 7.260000e-03 1.905256e-04
8.912509e+09 5.870000e-03 1.713184e-04
1.412538e+10 5.180000e-03 1.609348e-04
2.238721e+10 4.235000e-03 1.455163e-04
3.548134e+10 3.350000e-03 1.294218e-04
5.623413e+10 2.090000e-03 1.022252e-04
8.912509e+10 1.215000e-03 7.794229e-05
1.412538e+11 5.250000e-04 5.123475e-05
2.238721e+11 2.200000e-04 3.316625e-05
3.548134e+11 8.000000e-05 2.000000e-05
5.623413e+11 1.000000e-05 7.071068e-06
8.912509e+11 0.000000e+00 0.000000e+00
1.412538e+12 0.000000e+00 0.000000e+00
