# Galaxy Stellar mass function in 100kpc 3D aperture
# BoxSize= 25 Mpc z= 1.004122
# M_* [Msun] N [-] sigma
2.238721e+05 0.000000e+00 0.000000e+00
3.548134e+05 0.000000e+00 0.000000e+00
5.623413e+05 0.000000e+00 0.000000e+00
8.912509e+05 7.840000e-02 5.008792e-03
1.412538e+06 4.000000e-02 3.577709e-03
2.238721e+06 1.958400e-01 7.916363e-03
3.548134e+06 3.836800e-01 1.108051e-02
5.623413e+06 3.932800e-01 1.121827e-02
8.912509e+06 3.152000e-01 1.004311e-02
1.412538e+07 2.220800e-01 8.430042e-03
2.238721e+07 1.801600e-01 7.592839e-03
3.548134e+07 1.244800e-01 6.311387e-03
5.623413e+07 9.696000e-02 5.570206e-03
8.912509e+07 6.272000e-02 4.480000e-03
1.412538e+08 5.152000e-02 4.060345e-03
2.238721e+08 3.392000e-02 3.294602e-03
3.548134e+08 2.976000e-02 3.085968e-03
5.623413e+08 1.984000e-02 2.519683e-03
8.912509e+08 1.696000e-02 2.329635e-03
1.412538e+09 9.920000e-03 1.781685e-03
2.238721e+09 1.248000e-02 1.998399e-03
3.548134e+09 8.640000e-03 1.662769e-03
5.623413e+09 6.400000e-03 1.431084e-03
8.912509e+09 7.040000e-03 1.500933e-03
1.412538e+10 5.120000e-03 1.280000e-03
2.238721e+10 3.840000e-03 1.108513e-03
3.548134e+10 3.520000e-03 1.061320e-03
5.623413e+10 1.920000e-03 7.838367e-04
8.912509e+10 0.000000e+00 0.000000e+00
1.412538e+11 0.000000e+00 0.000000e+00
2.238721e+11 0.000000e+00 0.000000e+00
3.548134e+11 0.000000e+00 0.000000e+00
5.623413e+11 0.000000e+00 0.000000e+00
8.912509e+11 0.000000e+00 0.000000e+00
1.412538e+12 0.000000e+00 0.000000e+00
