# Galaxy Stellar mass function in 100kpc 3D aperture
# BoxSize= 25 Mpc z= 1.486707
# M_* [Msun] N [-] sigma
2.238721e+05 0.000000e+00 0.000000e+00
3.548134e+05 0.000000e+00 0.000000e+00
5.623413e+05 0.000000e+00 0.000000e+00
8.912509e+05 4.256000e-02 3.690420e-03
1.412538e+06 7.424000e-02 4.874095e-03
2.238721e+06 2.022400e-01 8.044675e-03
3.548134e+06 3.827200e-01 1.106663e-02
5.623413e+06 4.956800e-01 1.259435e-02
8.912509e+06 3.712000e-01 1.089881e-02
1.412538e+07 2.649600e-01 9.207997e-03
2.238721e+07 1.897600e-01 7.792509e-03
3.548134e+07 1.308800e-01 6.471599e-03
5.623413e+07 9.248000e-02 5.440000e-03
8.912509e+07 6.528000e-02 4.570514e-03
1.412538e+08 4.640000e-02 3.853310e-03
2.238721e+08 3.712000e-02 3.446505e-03
3.548134e+08 2.464000e-02 2.807989e-03
5.623413e+08 1.920000e-02 2.478709e-03
8.912509e+08 1.088000e-02 1.865905e-03
1.412538e+09 1.152000e-02 1.920000e-03
2.238721e+09 8.960000e-03 1.693281e-03
3.548134e+09 6.400000e-03 1.431084e-03
5.623413e+09 6.400000e-03 1.431084e-03
8.912509e+09 5.120000e-03 1.280000e-03
1.412538e+10 3.200000e-03 1.011929e-03
2.238721e+10 4.480000e-03 1.197330e-03
3.548134e+10 1.280000e-03 6.400000e-04
5.623413e+10 9.600000e-04 5.542563e-04
8.912509e+10 0.000000e+00 0.000000e+00
1.412538e+11 0.000000e+00 0.000000e+00
2.238721e+11 0.000000e+00 0.000000e+00
3.548134e+11 0.000000e+00 0.000000e+00
5.623413e+11 0.000000e+00 0.000000e+00
8.912509e+11 0.000000e+00 0.000000e+00
1.412538e+12 0.000000e+00 0.000000e+00
