# Galaxy Stellar mass function in 50kpc 3D aperture
# BoxSize= 25 Mpc z= 0.100639
# M_* [Msun] N [-] sigma
2.238721e+05 0.000000e+00 0.000000e+00
3.548134e+05 0.000000e+00 0.000000e+00
5.623413e+05 0.000000e+00 0.000000e+00
8.912509e+05 1.193600e-01 6.180227e-03
1.412538e+06 1.184000e-02 1.946484e-03
2.238721e+06 1.552000e-01 7.047269e-03
3.548134e+06 3.100800e-01 9.961205e-03
5.623413e+06 2.268800e-01 8.520657e-03
8.912509e+06 2.060800e-01 8.120690e-03
1.412538e+07 1.577600e-01 7.105153e-03
2.238721e+07 1.353600e-01 6.581428e-03
3.548134e+07 1.014400e-01 5.697438e-03
5.623413e+07 7.264000e-02 4.821286e-03
8.912509e+07 5.600000e-02 4.233202e-03
1.412538e+08 4.128000e-02 3.634501e-03
2.238721e+08 3.488000e-02 3.340898e-03
3.548134e+08 2.464000e-02 2.807989e-03
5.623413e+08 2.048000e-02 2.560000e-03
8.912509e+08 1.696000e-02 2.329635e-03
1.412538e+09 1.088000e-02 1.865905e-03
2.238721e+09 1.280000e-02 2.023858e-03
3.548134e+09 5.440000e-03 1.319394e-03
5.623413e+09 8.640000e-03 1.662769e-03
8.912509e+09 8.960000e-03 1.693281e-03
1.412538e+10 6.720000e-03 1.466424e-03
2.238721e+10 3.840000e-03 1.108513e-03
3.548134e+10 4.800000e-03 1.239355e-03
5.623413e+10 3.520000e-03 1.061320e-03
8.912509e+10 1.600000e-03 7.155418e-04
1.412538e+11 0.000000e+00 0.000000e+00
2.238721e+11 0.000000e+00 0.000000e+00
3.548134e+11 0.000000e+00 0.000000e+00
5.623413e+11 0.000000e+00 0.000000e+00
8.912509e+11 0.000000e+00 0.000000e+00
1.412538e+12 0.000000e+00 0.000000e+00
