# Galaxy Stellar mass function in 100kpc 3D aperture
# BoxSize= 100 Mpc z= 1.004122
# M_* [Msun] N [-] sigma
2.238721e+05 0.000000e+00 0.000000e+00
3.548134e+05 0.000000e+00 0.000000e+00
5.623413e+05 0.000000e+00 0.000000e+00
8.912509e+05 8.775000e-02 6.623821e-04
1.412538e+06 4.133000e-02 4.545877e-04
2.238721e+06 1.999800e-01 9.999500e-04
3.548134e+06 3.842950e-01 1.386173e-03
5.623413e+06 3.633550e-01 1.347878e-03
8.912509e+06 2.950750e-01 1.214650e-03
1.412538e+07 2.113550e-01 1.027996e-03
2.238721e+07 1.585200e-01 8.902809e-04
3.548134e+07 1.179750e-01 7.680332e-04
5.623413e+07 8.554500e-02 6.540069e-04
8.912509e+07 6.159500e-02 5.549550e-04
1.412538e+08 4.669000e-02 4.831666e-04
2.238721e+08 3.451000e-02 4.153914e-04
3.548134e+08 2.673500e-02 3.656159e-04
5.623413e+08 2.149500e-02 3.278338e-04
8.912509e+08 1.723500e-02 2.935558e-04
1.412538e+09 1.417500e-02 2.662236e-04
2.238721e+09 1.060000e-02 2.302173e-04
3.548134e+09 8.505000e-03 2.062159e-04
5.623413e+09 6.775000e-03 1.840516e-04
8.912509e+09 5.285000e-03 1.625577e-04
1.412538e+10 4.595000e-03 1.515751e-04
2.238721e+10 3.775000e-03 1.373863e-04
3.548134e+10 2.660000e-03 1.153256e-04
5.623413e+10 1.615000e-03 8.986100e-05
8.912509e+10 7.150000e-04 5.979130e-05
1.412538e+11 3.650000e-04 4.272002e-05
2.238721e+11 1.350000e-04 2.598076e-05
3.548134e+11 2.000000e-05 1.000000e-05
5.623413e+11 1.000000e-05 7.071068e-06
8.912509e+11 0.000000e+00 0.000000e+00
1.412538e+12 0.000000e+00 0.000000e+00
