# Galaxy Stellar mass function in 100kpc 3D aperture
# BoxSize= 100 Mpc z= 2.478413
# M_* [Msun] N [-] sigma
2.238721e+05 0.000000e+00 0.000000e+00
3.548134e+05 0.000000e+00 0.000000e+00
5.623413e+05 0.000000e+00 0.000000e+00
8.912509e+05 3.950000e-03 1.405347e-04
1.412538e+06 1.385600e-01 8.323461e-04
2.238721e+06 2.364900e-01 1.087405e-03
3.548134e+06 3.237450e-01 1.272291e-03
5.623413e+06 6.101300e-01 1.746611e-03
8.912509e+06 4.316300e-01 1.469064e-03
1.412538e+07 2.749250e-01 1.172444e-03
2.238721e+07 1.719900e-01 9.273349e-04
3.548134e+07 1.116800e-01 7.472617e-04
5.623413e+07 7.443500e-02 6.100615e-04
8.912509e+07 5.128500e-02 5.063842e-04
1.412538e+08 3.670500e-02 4.283982e-04
2.238721e+08 2.670000e-02 3.653765e-04
3.548134e+08 1.900000e-02 3.082207e-04
5.623413e+08 1.409500e-02 2.654713e-04
8.912509e+08 1.090500e-02 2.335059e-04
1.412538e+09 8.005000e-03 2.000625e-04
2.238721e+09 5.645000e-03 1.680030e-04
3.548134e+09 4.020000e-03 1.417745e-04
5.623413e+09 2.945000e-03 1.213466e-04
8.912509e+09 2.190000e-03 1.046422e-04
1.412538e+10 2.045000e-03 1.011187e-04
2.238721e+10 1.265000e-03 7.952987e-05
3.548134e+10 6.950000e-04 5.894913e-05
5.623413e+10 2.800000e-04 3.741657e-05
8.912509e+10 1.700000e-04 2.915476e-05
1.412538e+11 2.500000e-05 1.118034e-05
2.238721e+11 0.000000e+00 0.000000e+00
3.548134e+11 0.000000e+00 0.000000e+00
5.623413e+11 0.000000e+00 0.000000e+00
8.912509e+11 0.000000e+00 0.000000e+00
1.412538e+12 0.000000e+00 0.000000e+00
