# Galaxy Stellar mass function in 30kpc 3D aperture
# BoxSize= 100 Mpc z= 1.486707
# M_* [Msun] N [-] sigma
2.238721e+05 0.000000e+00 0.000000e+00
3.548134e+05 0.000000e+00 0.000000e+00
5.623413e+05 0.000000e+00 0.000000e+00
8.912509e+05 5.812000e-02 5.390733e-04
1.412538e+06 7.247000e-02 6.019551e-04
2.238721e+06 2.147600e-01 1.036243e-03
3.548134e+06 3.785500e-01 1.375773e-03
5.623413e+06 4.629400e-01 1.521414e-03
8.912509e+06 3.488350e-01 1.320672e-03
1.412538e+07 2.446550e-01 1.106018e-03
2.238721e+07 1.700100e-01 9.219816e-04
3.548134e+07 1.215100e-01 7.794549e-04
5.623413e+07 8.584000e-02 6.551336e-04
8.912509e+07 6.226000e-02 5.579426e-04
1.412538e+08 4.519000e-02 4.753420e-04
2.238721e+08 3.361500e-02 4.099695e-04
3.548134e+08 2.597500e-02 3.603817e-04
5.623413e+08 2.069000e-02 3.216364e-04
8.912509e+08 1.610000e-02 2.837252e-04
1.412538e+09 1.224500e-02 2.474369e-04
2.238721e+09 9.445000e-03 2.173131e-04
3.548134e+09 7.650000e-03 1.955761e-04
5.623413e+09 5.320000e-03 1.630951e-04
8.912509e+09 3.970000e-03 1.408900e-04
1.412538e+10 3.925000e-03 1.400893e-04
2.238721e+10 2.900000e-03 1.204159e-04
3.548134e+10 1.975000e-03 9.937303e-05
5.623413e+10 9.950000e-04 7.053368e-05
8.912509e+10 4.550000e-04 4.769696e-05
1.412538e+11 8.000000e-05 2.000000e-05
2.238721e+11 3.000000e-05 1.224745e-05
3.548134e+11 0.000000e+00 0.000000e+00
5.623413e+11 0.000000e+00 0.000000e+00
8.912509e+11 0.000000e+00 0.000000e+00
1.412538e+12 0.000000e+00 0.000000e+00
