# Galaxy Stellar mass function in 100kpc 3D aperture
# BoxSize= 100 Mpc z= 3.016505
# M_* [Msun] N [-] sigma
2.238721e+05 0.000000e+00 0.000000e+00
3.548134e+05 0.000000e+00 0.000000e+00
5.623413e+05 0.000000e+00 0.000000e+00
8.912509e+05 0.000000e+00 0.000000e+00
1.412538e+06 1.546950e-01 8.794743e-04
2.238721e+06 2.594100e-01 1.138881e-03
3.548134e+06 3.628300e-01 1.346904e-03
5.623413e+06 6.238200e-01 1.766097e-03
8.912509e+06 4.875700e-01 1.561362e-03
1.412538e+07 2.735650e-01 1.169541e-03
2.238721e+07 1.628600e-01 9.023857e-04
3.548134e+07 1.002250e-01 7.079018e-04
5.623413e+07 6.471000e-02 5.688146e-04
8.912509e+07 4.418500e-02 4.700266e-04
1.412538e+08 3.057500e-02 3.909923e-04
2.238721e+08 2.125000e-02 3.259601e-04
3.548134e+08 1.504000e-02 2.742262e-04
5.623413e+08 1.121000e-02 2.367488e-04
8.912509e+08 8.000000e-03 2.000000e-04
1.412538e+09 5.590000e-03 1.671825e-04
2.238721e+09 4.030000e-03 1.419507e-04
3.548134e+09 2.585000e-03 1.136882e-04
5.623413e+09 1.730000e-03 9.300538e-05
8.912509e+09 1.860000e-03 9.643651e-05
1.412538e+10 1.255000e-03 7.921490e-05
2.238721e+10 6.800000e-04 5.830952e-05
3.548134e+10 3.500000e-04 4.183300e-05
5.623413e+10 1.600000e-04 2.828427e-05
8.912509e+10 5.500000e-05 1.658312e-05
1.412538e+11 5.000000e-06 5.000000e-06
2.238721e+11 0.000000e+00 0.000000e+00
3.548134e+11 0.000000e+00 0.000000e+00
5.623413e+11 0.000000e+00 0.000000e+00
8.912509e+11 0.000000e+00 0.000000e+00
1.412538e+12 0.000000e+00 0.000000e+00
