# Galaxy Stellar mass function in 30kpc 3D aperture
# BoxSize= 100 Mpc z= 0.000000
# M_* [Msun] N [-] sigma
2.238721e+05 0.000000e+00 0.000000e+00
3.548134e+05 0.000000e+00 0.000000e+00
5.623413e+05 0.000000e+00 0.000000e+00
8.912509e+05 1.363750e-01 8.257572e-04
1.412538e+06 6.485000e-03 1.800694e-04
2.238721e+06 1.543800e-01 8.785784e-04
3.548134e+06 2.760250e-01 1.174787e-03
5.623413e+06 1.906400e-01 9.763196e-04
8.912509e+06 1.904250e-01 9.757689e-04
1.412538e+07 1.465000e-01 8.558621e-04
2.238721e+07 1.210200e-01 7.778817e-04
3.548134e+07 9.458500e-02 6.876954e-04
5.623413e+07 6.957000e-02 5.897881e-04
8.912509e+07 5.250000e-02 5.123475e-04
1.412538e+08 3.942000e-02 4.439595e-04
2.238721e+08 2.993000e-02 3.868462e-04
3.548134e+08 2.298500e-02 3.390059e-04
5.623413e+08 1.825000e-02 3.020761e-04
8.912509e+08 1.558000e-02 2.791057e-04
1.412538e+09 1.318500e-02 2.567586e-04
2.238721e+09 1.068000e-02 2.310844e-04
3.548134e+09 8.995000e-03 2.120731e-04
5.623413e+09 7.245000e-03 1.903287e-04
8.912509e+09 5.860000e-03 1.711724e-04
1.412538e+10 5.155000e-03 1.605459e-04
2.238721e+10 4.185000e-03 1.446548e-04
3.548134e+10 3.130000e-03 1.251000e-04
5.623413e+10 2.015000e-03 1.003743e-04
8.912509e+10 1.230000e-03 7.842194e-05
1.412538e+11 5.150000e-04 5.074446e-05
2.238721e+11 1.800000e-04 3.000000e-05
3.548134e+11 6.000000e-05 1.732051e-05
5.623413e+11 1.000000e-05 7.071068e-06
8.912509e+11 0.000000e+00 0.000000e+00
1.412538e+12 0.000000e+00 0.000000e+00
