# Galaxy Stellar mass function in 30kpc 3D aperture
# BoxSize= 100 Mpc z= 1.004122
# M_* [Msun] N [-] sigma
2.238721e+05 0.000000e+00 0.000000e+00
3.548134e+05 0.000000e+00 0.000000e+00
5.623413e+05 0.000000e+00 0.000000e+00
8.912509e+05 8.764000e-02 6.619668e-04
1.412538e+06 4.127000e-02 4.542576e-04
2.238721e+06 2.000950e-01 1.000237e-03
3.548134e+06 3.844650e-01 1.386479e-03
5.623413e+06 3.635200e-01 1.348184e-03
8.912509e+06 2.952050e-01 1.214918e-03
1.412538e+07 2.113750e-01 1.028044e-03
2.238721e+07 1.585200e-01 8.902809e-04
3.548134e+07 1.179300e-01 7.678867e-04
5.623413e+07 8.546500e-02 6.537010e-04
8.912509e+07 6.152000e-02 5.546170e-04
1.412538e+08 4.666500e-02 4.830373e-04
2.238721e+08 3.431500e-02 4.142161e-04
3.548134e+08 2.676500e-02 3.658210e-04
5.623413e+08 2.140500e-02 3.271468e-04
8.912509e+08 1.725000e-02 2.936835e-04
1.412538e+09 1.406500e-02 2.651886e-04
2.238721e+09 1.060500e-02 2.302716e-04
3.548134e+09 8.470000e-03 2.057912e-04
5.623413e+09 6.735000e-03 1.835075e-04
8.912509e+09 5.270000e-03 1.623268e-04
1.412538e+10 4.670000e-03 1.528071e-04
2.238721e+10 3.785000e-03 1.375682e-04
3.548134e+10 2.700000e-03 1.161895e-04
5.623413e+10 1.565000e-03 8.845903e-05
8.912509e+10 6.450000e-04 5.678908e-05
1.412538e+11 2.600000e-04 3.605551e-05
2.238721e+11 6.000000e-05 1.732051e-05
3.548134e+11 1.000000e-05 7.071068e-06
5.623413e+11 0.000000e+00 0.000000e+00
8.912509e+11 0.000000e+00 0.000000e+00
1.412538e+12 0.000000e+00 0.000000e+00
