#Observed stellar masses in Msun
#MW Mass Range: 10^11.75 - 10^12.25 Msun.
#Group Mass Range: 10^12.75 - 10^13.25 Msun.
#Cluster Mass Range: 10^13.75 - 10^14.25 Msun.
#Quenched threshold: observed SSFR < 1e-11/yr
#Bestfit_X_Counts is the number of galaxies in the bin for the bestfit model.
#Log10(SM_Center) Median_FQ(Centrals) Err+ Err- Median_FQ(Sats) Err+ Err- Median_FQ(Sats_MW) Err+ Err- Median_FQ(Sats_Group) Err+ Err- Median_FQ(Sats_Cluster) Err+ Err- SM_Left_Edge SM_Right_Edge Bestfit_Galaxy_Counts Bestfit_Central_Galaxy_Counts Bestfit_Sat_Galaxy_Counts Bestfit_Sats_MW_Counts Bestfit_Sats_GR_Counts Bestfit_Sats_Cluster_Counts
7.3 7.93052e-05 0.000202242 5.73445e-05 7.7902e-05 0.000315968 5.82896e-05 0.00011363 0.000402206 0.00011363 0 0.000923361 0 0 0 0 7.2 7.4 610523 487658 122865 15612 1123 0
7.5 0.000151441 0.000284924 8.46843e-05 0.000113842 0.000545798 8.5163e-05 0.000188774 0.000731867 0.000136429 0 0.00163934 0 0 0 0 7.4 7.6 484920 374686 110234 15692 1161 0
7.7 0.000215978 0.000442497 0.000117244 0.000137708 0.00070586 8.5892e-05 0.000254324 0.000958218 0.000149127 0 0.000921659 0 0 0 0 7.6 7.8 372688 279789 92899 15249 1125 0
7.9 0.000242392 0.000495608 0.000140266 0.000166054 0.000978773 9.34301e-05 0.000260417 0.0013117 0.000200879 0 0.00239808 0 0 0 0 7.8 8 279441 206452 72989 13996 1113 0
8.1 0.000243349 0.000650099 0.000146142 0.000205106 0.00164506 0.00011625 0.000138831 0.00226092 0.000138831 0 0.00408998 0 0 0 0 8 8.2 204465 151095 53370 12029 972 0
8.3 0.000222027 0.00067681 0.000148289 0.000312744 0.00289874 0.000218081 0.000237756 0.00369778 0.000237756 0 0.00473037 0 0 0 0 8.2 8.4 147139 109225 37914 10180 786 0
8.5 0.000189905 0.00112248 0.000140139 0.000387916 0.00409608 0.000244337 0.000273723 0.00563435 0.000273723 0 0.0107527 0 0 0 0 8.4 8.6 105439 79576 25863 8258 696 0
8.7 0.000166217 0.00203786 0.000146783 0.000516983 0.00819346 0.00033029 0.000288809 0.0105147 0.000288809 0 0.0168856 0 0 0 0 8.6 8.8 74675 57337 17338 6465 545 0
8.9 0.000135449 0.00446269 0.000110775 0.000770878 0.0143158 0.000678491 0.000671141 0.0160042 0.000671141 0 0.0267857 0 0 0 0 8.8 9 52459 40950 11509 5089 462 0
9.1 0.000427396 0.00895462 0.000427396 0.00111682 0.0267133 0.00101286 0.00050163 0.0256189 0.00050163 0.0027933 0.041528 0.0027933 0 0 0 9 9.2 37154 29494 7660 3734 347 0
9.3 0.00150383 0.0166701 0.00150383 0.00385474 0.0404897 0.00365251 0.00175623 0.0359873 0.00140805 0.00946372 0.0665241 0.00946372 0 0 0 9.2 9.4 25679 20821 4858 2446 302 0
9.5 0.00284535 0.0282326 0.00284535 0.00765931 0.0561048 0.007336 0.00286944 0.0535189 0.00286944 0.0264151 0.0995108 0.0264151 0 0 0 9.4 9.6 17511 14443 3068 1498 255 0
9.7 0.00661881 0.0405887 0.00639497 0.0149716 0.0796563 0.014463 0.00731707 0.0499183 0.00731707 0.0485437 0.16641 0.0485437 0 0 0 9.6 9.8 12174 10221 1953 837 197 0
9.9 0.01721 0.0573834 0.015969 0.0372168 0.08568 0.0355319 0.0153061 0.0498102 0.0153061 0.0867052 0.138647 0.0809909 0 0 0 9.8 10 8346 7082 1264 420 194 0
10.1 0.0375311 0.0608757 0.0315082 0.046589 0.114054 0.0410794 0.0107527 0.0606759 0.0107527 0.119403 0.153324 0.0916252 0 0 0 10 10.2 5707 4975 732 190 128 0
10.3 0.0614178 0.0853618 0.0472669 0.0995146 0.0984236 0.0850218 0.0285714 0.0445993 0.0285714 0.16 0.177209 0.116522 0 0 0 10.2 10.4 3765 3304 461 91 103 0
10.5 0.100272 0.0856596 0.0556296 0.127737 0.1078 0.103465 0 0.08 0 0.235294 0.135076 0.189317 0 0 0 10.4 10.6 2319 2055 264 23 88 0
10.7 0.128373 0.0966695 0.0650563 0.15894 0.126774 0.0911438 0 0.0833333 0 0.28125 0.184267 0.138393 0 0 0 10.6 10.8 1446 1299 147 14 60 0
10.9 0.181024 0.0937752 0.069591 0.215385 0.14399 0.162051 0 0 0 0.285714 0.166667 0.18894 0 0 0 10.8 11 883 799 84 1 35 0
11.1 0.220903 0.0933831 0.0836028 0.236842 0.129825 0.129699 0 0 0 0.285714 0.142857 0.174603 0 0 0 11 11.2 469 425 44 1 21 0
11.3 0.254545 0.0929723 0.0974026 0.416667 0.138889 0.194444 0 0 0 0.5 0.125 0.25 0 0 0 11.2 11.4 206 196 10 0 8 0
11.5 0.25 0.0914634 0.101852 0.25 0.25 0.25 0 0 0 0.333333 0.166667 0.333333 0 0 0 11.4 11.6 55 52 3 0 2 0
11.7 0.272727 0.181818 0.12987 0.5 0.166667 0.5 0 0 0 0.5 0.5 0.5 0 0 0 11.6 11.8 14 10 4 0 3 0
11.9 0 0.428571 0 0 0 0 0 0 0 0 0 0 0 0 0 11.8 12 3 3 0 0 0 0
12.1 0 0 0 0 0 0 0 0 0 0 0 0 0 0 0 12 12.2 0 0 0 0 0 0
12.3 0 0 0 0 0 0 0 0 0 0 0 0 0 0 0 12.2 12.4 0 0 0 0 0 0
12.5 0 0 0 0 0 0 0 0 0 0 0 0 0 0 0 12.4 12.6 0 0 0 0 0 0
12.7 0 0 0 0 0 0 0 0 0 0 0 0 0 0 0 12.6 12.8 0 0 0 0 0 0
12.9 0 0 0 0 0 0 0 0 0 0 0 0 0 0 0 12.8 13 0 0 0 0 0 0
13.1 0 0 0 0 0 0 0 0 0 0 0 0 0 0 0 13 13.2 0 0 0 0 0 0
