#Observed stellar masses in Msun
#MW Mass Range: 10^11.75 - 10^12.25 Msun.
#Group Mass Range: 10^12.75 - 10^13.25 Msun.
#Cluster Mass Range: 10^13.75 - 10^14.25 Msun.
#Quenched threshold: observed SSFR < 1e-11/yr
#Bestfit_X_Counts is the number of galaxies in the bin for the bestfit model.
#Log10(SM_Center) Median_FQ(Centrals) Err+ Err- Median_FQ(Sats) Err+ Err- Median_FQ(Sats_MW) Err+ Err- Median_FQ(Sats_Group) Err+ Err- Median_FQ(Sats_Cluster) Err+ Err- SM_Left_Edge SM_Right_Edge Bestfit_Galaxy_Counts Bestfit_Central_Galaxy_Counts Bestfit_Sat_Galaxy_Counts Bestfit_Sats_MW_Counts Bestfit_Sats_GR_Counts Bestfit_Sats_Cluster_Counts
7.3 0.000247097 0.000399489 0.000163999 0.000161339 0.00042276 0.000115311 0.000161675 0.000577906 0.000119365 0.000363372 0.000909432 0.000363372 0 0 0 7.2 7.4 626043 490353 135690 19874 2523 0
7.5 0.000311264 0.000583031 0.000176717 0.000226591 0.000494233 0.000153354 0.000220158 0.000757877 0.000144213 0.0004095 0.00118922 8.837e-05 0 0 0 7.4 7.6 503344 380394 122950 20433 2481 0
7.7 0.000395002 0.000708885 0.00023495 0.000265883 0.000776687 0.000173799 0.000345692 0.00120965 0.000228728 0.000361272 0.00123771 0.000361272 0 0 0 7.6 7.8 391975 286958 105017 19683 2422 0
7.9 0.000408497 0.000673434 0.000231945 0.000286981 0.00127924 0.000183929 0.000320015 0.0018871 0.000166224 0.000383289 0.00219403 0.000383289 0 0 0 7.8 8 298909 214171 84738 18110 2280 0
8.1 0.000315831 0.000627803 0.000184796 0.000375152 0.00229018 0.000300596 0.000331053 0.00351157 0.000271241 0.000457247 0.00456535 0.000457247 0 0 0 8 8.2 222256 159132 63124 15872 1933 0
8.3 0.000249905 0.000731692 0.000159694 0.000411796 0.00372519 0.000303289 0.000307882 0.00511519 0.000244386 0 0.00639163 0 0 0 0 8.2 8.4 162857 117649 45208 13161 1608 0
8.5 0.000236738 0.00180646 0.00016507 0.000591891 0.0067814 0.000492849 0.000612912 0.00866836 0.000532957 0 0.015544 0 0 0 0 8.4 8.6 118860 86968 31892 10988 1344 0
8.7 0.000208053 0.00358264 0.00016307 0.000809444 0.013462 0.000738216 0.000763068 0.0165199 0.000672586 0.00180343 0.0255236 0.00180343 0 0 0 8.6 8.8 86483 64690 21793 8627 1101 0
8.9 0.000491661 0.00673512 0.00046555 0.00250643 0.0209362 0.00239295 0.00265051 0.0219254 0.0025322 0.00406918 0.0353804 0.00406918 0 0 0 8.8 9 63055 48010 15045 6525 949 0
9.1 0.00124352 0.0108034 0.00117002 0.00574226 0.0317877 0.00557967 0.00399867 0.0304705 0.00399867 0.00690449 0.0448834 0.00690449 0 0 0 9 9.2 45144 34940 10204 4766 781 0
9.3 0.00297742 0.0225169 0.00277241 0.010311 0.0534684 0.0101833 0.0066385 0.0441841 0.0066385 0.0164425 0.0776587 0.0164425 0 0 0 9.2 9.4 32372 25417 6955 3222 635 0
9.5 0.00784022 0.0295907 0.00721707 0.0209632 0.0629661 0.0200798 0.0120545 0.0479169 0.0116251 0.0445545 0.127743 0.0410333 0 0 0 9.4 9.6 23262 18661 4601 1933 554 0
9.7 0.0153185 0.0372805 0.0130529 0.0394961 0.087508 0.036376 0.0216667 0.0544412 0.0207738 0.0778688 0.118252 0.0671392 0 0 0 9.6 9.8 16259 13279 2980 1017 477 0
9.9 0.0307064 0.0520602 0.0244682 0.0648446 0.106857 0.0557488 0.0204499 0.0468427 0.0187777 0.110818 0.129057 0.0822465 0 0 0 9.8 10 11611 9663 1948 526 359 0
10.1 0.06309 0.0695302 0.0435852 0.104134 0.102478 0.0804181 0.0263158 0.0595428 0.0263158 0.159574 0.152506 0.116409 0 0 0 10 10.2 8131 6900 1231 228 285 0
10.3 0.106421 0.0728743 0.0599562 0.165414 0.121453 0.0992371 0.078125 0.082892 0.078125 0.257261 0.15243 0.12189 0 0 0 10.2 10.4 5722 4947 775 74 233 0
10.5 0.137785 0.0747941 0.0511832 0.234004 0.116329 0.129467 0.125 0.0685484 0.09375 0.340659 0.129286 0.168784 0 0 0 10.4 10.6 3938 3419 519 35 181 0
10.7 0.196223 0.0785692 0.0645857 0.288 0.109436 0.14814 0 0.2 0 0.330275 0.119337 0.12132 0 0 0 10.6 10.8 2615 2320 295 5 134 0
10.9 0.265293 0.0772933 0.071315 0.254054 0.0852317 0.0670037 0 0 0 0.296703 0.110704 0.0824176 0 0 0 10.8 11 1543 1382 161 4 86 0
11.1 0.280899 0.0672493 0.0612457 0.303922 0.115831 0.0629577 0.5 0 0.5 0.351852 0.13751 0.0740741 0 0 0 11 11.2 818 733 85 2 49 0
11.3 0.313333 0.0830303 0.0650575 0.291667 0.0996377 0.120238 0 0 0 0.25 0.2 0.15 0 0 0 11.2 11.4 347 316 31 0 16 0
11.5 0.360825 0.0739579 0.0787734 0.166667 0.190476 0.0952381 0 0 0 0.166667 0.233333 0.166667 0 0 0 11.4 11.6 109 96 13 0 8 0
11.7 0.242424 0.121212 0.0700105 0 0 0 0 0 0 0 0 0 0 0 0 11.6 11.8 35 35 0 0 0 0
11.9 0.222222 0.277778 0.222222 0 0 0 0 0 0 0 0 0 0 0 0 11.8 12 0 0 0 0 0 0
12.1 0.5 0 0.5 0 0 0 0 0 0 0 0 0 0 0 0 12 12.2 2 2 0 0 0 0
12.3 0 0.5 0 0 0 0 0 0 0 0 0 0 0 0 0 12.2 12.4 1 1 0 0 0 0
12.5 0 0 0 0 0 0 0 0 0 0 0 0 0 0 0 12.4 12.6 0 0 0 0 0 0
12.7 0 0 0 0 0 0 0 0 0 0 0 0 0 0 0 12.6 12.8 0 0 0 0 0 0
12.9 0 0 0 0 0 0 0 0 0 0 0 0 0 0 0 12.8 13 0 0 0 0 0 0
13.1 0 0 0 0 0 0 0 0 0 0 0 0 0 0 0 13 13.2 0 0 0 0 0 0
