HRS no HIdef: galaxyname  logMHIMstar  Met_12+log(O/H)   logMHIMstar_low  Met_low  logMHIMstar_high  Met_high
HRS2     -0.4270000      8.6800003      0.1349964      0.0500000      0.1523562      0.0500000
HRS10     -0.1519995      8.5400000      0.1836486      0.0500000      0.1969323      0.0500000
HRS11     -0.7620001      8.6300001      0.1464449      0.0500000      0.1240797      0.0500000
HRS12     -0.3270006      8.4499998      0.1406568      0.0500000      0.1523562      0.0500000
HRS13     -1.0000000      8.6899996      0.1294694      0.0500000      0.1088126      0.0500000
HRS16     -0.6219997      8.6899996      0.1406569      0.0500000      0.1771671      0.0500000
HRS17     -0.2170000      8.5699997      0.1645342      0.0500000      0.1523562      0.0500000
HRS19     -0.1920004      8.7100000      0.1294694      0.0500000      0.1523562      0.0500000
HRS20      0.1880007      8.4700003      0.1188350      0.0500000      0.1464449      0.0500000
HRS24     -0.0400000      8.7399998      0.1746040      0.0500000      0.1188349      0.0500000
HRS25     -0.5720005      8.6599998      0.1349964      0.0500000      0.1464449      0.0500000
HRS26     -0.4619999      8.5000000      0.1771671      0.0500000      0.1464449      0.0500000
HRS27     -0.3570004      8.6400003      0.1040539      0.0500000      0.1188349      0.0500000
HRS28     -0.3870001      8.6800003      0.1464449      0.0500000      0.1902366      0.0500000
HRS29     -0.6269999      8.5699997      0.1645341      0.0500000      0.1240797      0.0500000
HRS30      0.1280003      8.6099997      0.1836486      0.0500000      0.1902366      0.0500000
HRS31      0.1380005      8.3400002      0.1464449      0.0500000      0.1645342      0.0500000
HRS37     -0.7670002      8.7399998      0.1583870      0.0500000      0.1137430      0.0500000
HRS38     -0.2119999      8.3999996      0.1902366      0.0500000      0.2106387      0.0500000
HRS40     -0.2819996      8.5200005      0.1406569      0.0500000      0.1523563      0.0500000
HRS48     -0.5599995      8.6999998      0.1559608      0.0500000      0.1645342      0.0500000
HRS50     -0.8200006      8.7500000      0.1441149      0.0500000      0.1294694      0.0500000
HRS51      0.0380001      8.5900002      0.1464449      0.0500000      0.1583870      0.0500000
HRS53     -0.2170000      8.6999998      0.1464449      0.0500000      0.1464449      0.0500000
HRS55     -0.3069992      8.7200003      0.1464450      0.0500000      0.1969323      0.0500000
HRS56     -1.3499994      8.7100000      0.1406569      0.0500000      0.1406569      0.0500000
HRS59     -0.8000002      8.6400003      0.1272957      0.0500000      0.1645342      0.0500000
HRS61      0.3730001      8.3400002      0.1294694      0.0500000      0.1771671      0.0500000
HRS64     -0.4219999      8.5400000      0.1707949      0.0500000      0.1349963      0.0500000
HRS65      0.1230001      8.3999996      0.1902366      0.0500000      0.1349964      0.0500000
HRS67     -0.1070004      8.3900003      0.1645342      0.0500000      0.1349963      0.0500000
HRS72      0.4080000      8.2500000      0.1707950      0.0500000      0.3181372      0.0500000
HRS73     -1.2100000      9.0900002      0.2176478      0.0500000      0.1523562      0.0500000
HRS74     -0.5520000      8.6400003      0.1645342      0.0500000      0.1464449      0.0500000
HRS76     -0.1070004      8.3000002      0.2037333      0.0500000      0.2467120      0.0500000
HRS78     -0.0270004      8.4499998      0.1294694      0.0500000      0.1583870      0.0500000
HRS79      0.3280001      8.3299999      0.1240797      0.0500000      0.1088126      0.0500000
HRS85     -0.8099995      8.7100000      0.1294694      0.0500000      0.1406569      0.0500000
HRS88     -0.1520004      8.7600002      0.1707950      0.0500000      0.1645342      0.0500000
HRS89     -0.1219997      8.4399996      0.1240796      0.0500000      0.1137430      0.0500000
HRS91     -1.0100002      8.7299995      0.1188350      0.0500000      0.1645342      0.0500000
HRS92     -0.3020000      8.6599998      0.1240797      0.0500000      0.1240797      0.0500000
HRS94     -0.1870003      8.5900002      0.1707950      0.0500000      0.1188350      0.0500000
HRS95     -1.1270008      8.6700001      0.1464449      0.0500000      0.1349964      0.0500000
HRS98     -0.3719997      8.5299997      0.1240797      0.0500000      0.1240797      0.0500000
HRS102     -0.8000002      8.7700005      0.1088126      0.0500000      0.0994785      0.0500000
HRS110     -0.0719995      8.4300003      0.1523563      0.0500000      0.1464450      0.0500000
HRS114     -0.8000002      8.7700005      0.1523562      0.0500000      0.1406569      0.0500000
HRS122     -1.2799997      8.7500000      0.1771671      0.0500000      0.1645342      0.0500000
HRS132     -0.2520008      8.4700003      0.1583870      0.0500000      0.1349963      0.0500000
HRS133     -0.1370001      8.4399996      0.1349963      0.0500000      0.1523562      0.0500000
HRS142      0.0479994      8.5400000      0.1188350      0.0500000      0.1294694      0.0500000
HRS143     -0.2770004      8.4099998      0.2106387      0.0500000      0.1645342      0.0500000
HRS145     -0.5070000      8.5100002      0.0950996      0.0500000      0.1836486      0.0500000
HRS146     -0.7419996      8.5500002      0.1836486      0.0500000      0.1349964      0.0500000
HRS148     -0.2519999      8.4899998      0.1464449      0.0500000      0.1349964      0.0500000
HRS154     -0.0319996      8.6300001      0.0650890      0.0500000      0.2542349      0.0500000
HRS157     -0.5469999      8.5900002      0.1583870      0.0500000      0.1771671      0.0500000
HRS169     -0.8570004      8.2799997      0.1836486      0.0500000      0.2319754      0.0500000
HRS177     -0.6219997      8.6199999      0.1645342      0.0500000      0.1240797      0.0500000
HRS182     -0.5520000      8.7100000      0.1464449      0.0500000      0.1464449      0.0500000
HRS187      0.0279999      8.6199999      0.1240797      0.0500000      0.1645342      0.0500000
HRS188     -0.4020004      8.6999998      0.1406569      0.0500000      0.1240797      0.0500000
HRS189     -0.6419992      8.6899996      0.1836486      0.0500000      0.2695885      0.0500000
HRS194     -0.5500002      8.5299997      0.1406569      0.0500000      0.1645342      0.0500000
HRS196      0.1479998      8.4799995      0.1188350      0.0500000      0.1707950      0.0500000
HRS203      0.1280003      8.3299999      0.1240797      0.0500000      0.0994785      0.0500000
HRS205     -0.6800003      8.6300001      0.1645342      0.0500000      0.1645342      0.0500000
HRS212      0.2879992      8.3100004      0.1583870      0.0500000      0.1969323      0.0500000
HRS216     -1.2400007      8.8400002      0.1902366      0.0500000      0.1406569      0.0500000
HRS227      0.7530003      8.4099998      0.1294694      0.0500000      0.1240797      0.0500000
HRS237     -0.7869997      8.7900000      0.1349963      0.0500000      0.0950996      0.0500000
HRS239     -1.0419998      8.6999998      0.1583870      0.0500000      0.1240797      0.0500000
HRS246     -0.6300001      8.7200003      0.1523562      0.0500000      0.1088126      0.0500000
HRS247     -0.7399998      8.6800003      0.1188350      0.0500000      0.1406569      0.0500000
HRS252      0.0180006      8.3800001      0.1349964      0.0500000      0.1523562      0.0500000
HRS259      0.2030001      8.5400000      0.1902366      0.0500000      0.2037333      0.0500000
HRS262      0.1529999      8.4899998      0.1137430      0.0500000      0.1188349      0.0500000
HRS267     -0.3570004      8.4499998      0.1836486      0.0500000      0.1583870      0.0500000
HRS268     -0.4870005      8.5699997      0.1464450      0.0500000      0.1464450      0.0500000
HRS271     -0.5120001      8.4899998      0.1707949      0.0500000      0.1406568      0.0500000
HRS281     -0.6619997      8.6099997      0.1294694      0.0500000      0.1523562      0.0500000
HRS283      0.0480003      8.6499996      0.1523562      0.0500000      0.1645342      0.0500000
HRS284     -1.0520000      8.6800003      0.1836486      0.0500000      0.1746041      0.0500000
HRS287     -0.6120005      8.6199999      0.1523562      0.0500000      0.1349964      0.0500000
HRS290     -0.7720003      8.5900002      0.1645342      0.0500000      0.1240797      0.0500000
HRS293     -0.2620001      8.5100002      0.1464449      0.0500000      0.1583870      0.0500000
HRS295     -0.8400002      8.8599997      0.1406569      0.0500000      0.1294694      0.0500000
HRS297     -0.5000000      8.5400000      0.1219642      0.0500000      0.1523562      0.0500000
HRS298     -0.2720003      8.5699997      0.1294693      0.0500000      0.1406569      0.0500000
HRS299     -0.6820002      8.6400003      0.1088126      0.0500000      0.1583870      0.0500000
HRS301     -0.4120007      8.5799999      0.1707950      0.0500000      0.1240797      0.0500000
HRS309      0.2830000      8.3900003      0.1969323      0.0500000      0.2106387      0.0500000
HRS314      0.1080008      8.4099998      0.1088126      0.0500000      0.1969323      0.0500000
HRS318     -0.2620001      8.4399996      0.1645342      0.0500000      0.1406569      0.0500000
HRS319     -0.1220007      8.4899998      0.2176478      0.0500000      0.0798713      0.0500000
HRS320     -0.0469999      8.5299997      0.1464449      0.0500000      0.1294693      0.0500000
HRS321     -0.6020002      8.5799999      0.1294694      0.0500000      0.1707950      0.0500000
HRS33     -0.3319998      8.7200003      0.1240797      0.0500000      0.1349963      0.0500000
HRS39     -0.0269995      8.5699997      0.1464449      0.0500000      0.1583870      0.0500000
HRS44     -0.3670006      8.3599997      0.1294693      0.0500000      0.1406568      0.0500000
HRS47      0.0279999      8.4700003      0.1836486      0.0500000      0.1464449      0.0500000
HRS62      0.4379997      8.4200001      0.1188350      0.0500000      0.1294694      0.0500000
HRS66     -0.5420008      8.6099997      0.1349964      0.0500000      0.1272957      0.0500000
HRS68     -1.0419998      8.2700005      0.1406569      0.0500000      0.1583870      0.0500000
HRS118      0.4379997      8.2799997      0.1137430      0.0500000      0.1523562      0.0500000
HRS139     -0.3020000      8.5000000      0.1771671      0.0500000      0.1137430      0.0500000
HRS158      0.1480007      8.3100004      0.1836486      0.0500000      0.1464449      0.0500000
HRS198     -0.5570002      8.5500002      0.1464449      0.0500000      0.1645342      0.0500000
HRS238      0.5929995      8.3599997      0.2467121      0.0500000      0.2542349      0.0500000
HRS266      0.6629992      8.5500002      0.1523563      0.0500000      0.1464449      0.0500000
HRS302     -0.0869999      8.4600000      0.1523562      0.0500000      0.1523562      0.0500000
HRS308     -0.2570000      8.4399996      0.1406569      0.0500000      0.2037333      0.0500000
HRS317     -0.1870003      8.5500002      0.1523562      0.0500000      0.1294694      0.0500000
HRS HIdef: galaxyname  logMHIMstar  Met_12+log(O/H)   logMHIMstar_low  Met_low  logMHIMstar_high  Met_high
HRS83     -0.5719995      8.3900003      0.1707949      0.0500000      0.1645342      0.0500000
HRS130     -0.6820002      8.6400003      0.1406569      0.0500000      0.1583870      0.0500000
HRS152     -1.0420008      8.7500000      0.1240797      0.0500000      0.1240797      0.0500000
HRS153     -0.9519997      8.7700005      0.1523562      0.0500000      0.2037333      0.0500000
HRS171     -1.1719999      8.7799997      0.1836486      0.0500000      0.1240797      0.0500000
HRS193     -0.5720005      8.6400003      0.1349964      0.0500000      0.1464450      0.0500000
HRS197     -0.8420000      8.6499996      0.1771671      0.0500000      0.1240797      0.0500000
HRS206     -1.3119998      8.8900003      0.1645340      0.0500000      0.1645340      0.0500000
HRS230     -0.6269999      8.6099997      0.2542348      0.0500000      0.2392932      0.0500000
HRS294     -0.7570000      8.6400003      0.1707949      0.0500000      0.1188349      0.0500000
HRS310     -0.8870001      8.7100000      0.1771671      0.0500000      0.1559609      0.0500000
HRS21     -0.5620003      8.5600004      0.2037333      0.0500000      0.1771671      0.0500000
HRS58     -0.7170000      8.5400000      0.1523562      0.0500000      0.1188349      0.0500000
HRS99     -1.0619998      8.6899996      0.1583868      0.0500000      0.1707948      0.0500000
HRS165     -0.6070004      8.5100002      0.1583870      0.0500000      0.1523562      0.0500000
HRS191     -0.4520006      8.4799995      0.1645342      0.0500000      0.1707949      0.0500000
HRS199     -1.2770004      8.7200003      0.1771669      0.0500000      0.0994782      0.0500000
HRS223     -0.3570004      8.3100004      0.1645342      0.0500000      0.1583870      0.0500000
HRS225     -1.0670004      8.6000004      0.2933935      0.0500000      0.0798709      0.0500000
HRS305     -1.5470004      8.7399998      0.2542347      0.0500000      0.1137427      0.0500000
HRS313     -0.6870003      8.6000004      0.1707950      0.0500000      0.1188349      0.0500000
KINGFISH: galaxyname  logMHIMstar  Met_12+log(O/H)   logMHIMstar_low  Met_low  logMHIMstar_high  Met_high
NGC1482     -1.1902332      8.7449999      0.1123741      0.0500000      0.1123741      0.0500000
NGC5866     -2.2001867      8.8100004      0.1123741      0.0500000      0.1123741      0.0500000
JINGLE: galaxyname  logMHIMstar  Met_12+log(O/H)   logMHIMstar_low  Met_low  logMHIMstar_high  Met_high
JINGLE3     -0.4560003      8.5564423      0.1132701      0.0500000      0.1132701      0.0500000
JINGLE4     -0.6120005      8.8241940      0.1294693      0.0500000      0.1294693      0.0500000
JINGLE5     -0.2399998      8.7637920      0.1262132      0.0500000      0.1262132      0.0500000
JINGLE10     -0.5979996      8.7221899      0.1267333      0.0500000      0.1267333      0.0500000
JINGLE15      0.1689997      8.8347435      0.1124144      0.0500000      0.1124144      0.0500000
JINGLE16     -0.4119997      8.6226664      0.1356080      0.0500000      0.1356080      0.0500000
JINGLE19     -1.1840000      8.6862478      0.1123919      0.0500000      0.1123919      0.0500000
JINGLE22     -0.5600004      8.6713800      0.1294694      0.0500000      0.1294694      0.0500000
JINGLE23     -1.0000000      8.9181814      0.1294694      0.0500000      0.1294694      0.0500000
JINGLE25     -0.7600002      8.7229433      0.1294693      0.0500000      0.1294693      0.0500000
JINGLE26     -0.2570000      8.6699533      0.1294694      0.0500000      0.1294694      0.0500000
JINGLE28     -0.2570000      8.8522682      0.1294694      0.0500000      0.1294694      0.0500000
JINGLE33     -0.2190008      8.7817144      0.1124458      0.0500000      0.1124458      0.0500000
JINGLE34     -0.1320000      8.7423906      0.1294694      0.0500000      0.1294694      0.0500000
JINGLE36     -0.6079998      8.6259756      0.1128279      0.0500000      0.1128279      0.0500000
JINGLE40     -0.4600000      8.7383833      0.1242268      0.0500000      0.1242268      0.0500000
JINGLE41     -0.9600000      8.7568769      0.1294694      0.0500000      0.1294694      0.0500000
JINGLE43     -0.1500006      8.8760710      0.1294694      0.0500000      0.1294694      0.0500000
JINGLE44     -0.5299997      8.7321110      0.1294694      0.0500000      0.1294694      0.0500000
JINGLE45     -0.7399998      8.8356581      0.1294693      0.0500000      0.1294693      0.0500000
JINGLE47     -1.1030006      8.7830095      0.1123919      0.0500000      0.1123919      0.0500000
JINGLE49     -1.2209997      8.7423773      0.1126634      0.0500000      0.1126634      0.0500000
JINGLE51     -0.2300005      8.7624645      0.1242268      0.0500000      0.1242268      0.0500000
JINGLE56     -0.8699999      8.7444506      0.1294694      0.0500000      0.1294694      0.0500000
JINGLE58     -0.5100002      8.4055281      0.1356080      0.0500000      0.1356080      0.0500000
JINGLE60     -0.0099993      8.8347435      0.1125361      0.0500000      0.1125361      0.0500000
JINGLE64     -0.0850000      8.5374479      0.1129242      0.0500000      0.1129242      0.0500000
JINGLE66     -0.3099995      8.7268915      0.1242268      0.0500000      0.1242268      0.0500000
JINGLE70     -1.1760006      8.7727127      0.1127410      0.0500000      0.1127410      0.0500000
JINGLE71      0.1530008      8.6772928      0.1242268      0.0500000      0.1242268      0.0500000
JINGLE72     -0.8190002      8.8002949      0.1140379      0.0500000      0.1140379      0.0500000
JINGLE74      0.0629997      8.7055178      0.1294694      0.0500000      0.1294694      0.0500000
JINGLE76     -1.0000000      8.7878628      0.1123919      0.0500000      0.1123919      0.0500000
JINGLE77     -0.1000004      8.6889753      0.1242268      0.0500000      0.1242268      0.0500000
JINGLE81     -1.6719999      8.8692513      0.1160315      0.0500000      0.1160315      0.0500000
JINGLE82      0.2130003      8.5075846      0.1294694      0.0500000      0.1294694      0.0500000
JINGLE84     -0.7900000      8.7752428      0.1294694      0.0500000      0.1294694      0.0500000
JINGLE85     -0.5820007      8.8100309      0.1425964      0.0500000      0.1425964      0.0500000
JINGLE86     -0.5000000      8.7409534      0.1242268      0.0500000      0.1242268      0.0500000
JINGLE89     -0.5489998      8.8347435      0.1126634      0.0500000      0.1126634      0.0500000
JINGLE90     -0.0220003      8.8077898      0.1242268      0.0500000      0.1242268      0.0500000
JINGLE99     -0.1399994      8.6892548      0.1242268      0.0500000      0.1242268      0.0500000
JINGLE100     -0.2130003      8.8356304      0.1124458      0.0500000      0.1124458      0.0500000
JINGLE101     -0.5200005      8.8148355      0.1242268      0.0500000      0.1242268      0.0500000
JINGLE102      0.4080000      8.7331934      0.1242268      0.0500000      0.1242268      0.0500000
JINGLE106     -1.1970005      8.8347435      0.1129242      0.0500000      0.1129242      0.0500000
JINGLE108      0.0930004      8.8648462      0.1242268      0.0500000      0.1242268      0.0500000
JINGLE111     -0.7500000      8.8232784      0.1294694      0.0500000      0.1294694      0.0500000
JINGLE118     -0.5200005      8.8488865      0.1242268      0.0500000      0.1242268      0.0500000
JINGLE121     -0.7630005      8.8347435      0.1124458      0.0500000      0.1124458      0.0500000
JINGLE122     -0.6300001      8.7834053      0.1242268      0.0500000      0.1242268      0.0500000
JINGLE123     -0.1800003      8.7212439      0.1242268      0.0500000      0.1242268      0.0500000
JINGLE125     -0.9400005      8.7608843      0.1242268      0.0500000      0.1242268      0.0500000
JINGLE131     -0.8490000      8.5910196      0.1129242      0.0500000      0.1129242      0.0500000
JINGLE135     -0.0369997      8.7250500      0.1294694      0.0500000      0.1294694      0.0500000
JINGLE138      0.0480003      8.7466688      0.1125952      0.0500000      0.1125952      0.0500000
JINGLE144     -1.1339998      8.8471756      0.1127410      0.0500000      0.1127410      0.0500000
JINGLE146      0.0880003      8.5965233      0.1294694      0.0500000      0.1294694      0.0500000
JINGLE148     -0.7980003      8.7444801      0.1129242      0.0500000      0.1129242      0.0500000
JINGLE149     -0.4449997      8.8343201      0.1123919      0.0500000      0.1123919      0.0500000
JINGLE151     -0.4100008      8.7798977      0.1242268      0.0500000      0.1242268      0.0500000
JINGLE154     -1.2399998      8.8347435      0.1242268      0.0500000      0.1242268      0.0500000
JINGLE156     -0.8299999      8.7272511      0.1242268      0.0500000      0.1242268      0.0500000
JINGLE160     -0.3519993      8.6904087      0.1242268      0.0500000      0.1242268      0.0500000
JINGLE163     -1.1280003      8.8136463      0.1128279      0.0500000      0.1128279      0.0500000
JINGLE165     -1.1920004      8.8347435      0.1137019      0.0500000      0.1137019      0.0500000
JINGLE173     -0.1000004      8.7725325      0.1242268      0.0500000      0.1242268      0.0500000
JINGLE175     -0.1810007      8.8080406      0.1124865      0.0500000      0.1124865      0.0500000
JINGLE183     -0.9199991      8.6571932      0.1294694      0.0500000      0.1294694      0.0500000
JINGLE184     -0.7000008      8.7928305      0.1126634      0.0500000      0.1126634      0.0500000
JINGLE189     -0.0799999      8.7244043      0.1242268      0.0500000      0.1242268      0.0500000
JINGLE191     -0.6980000      8.7032452      0.1123919      0.0500000      0.1123919      0.0500000
JINGLE0     -1.6090002      8.6256943      0.1318198      0.0500000      0.1318198      0.0500000
JINGLE1     -0.2570000      8.7791328      0.1242269      0.0500000      0.1242269      0.0500000
JINGLE2      0.3730001      8.6403713      0.1242268      0.0500000      0.1242268      0.0500000
JINGLE6     -0.4319992      8.6778593      0.1294694      0.0500000      0.1294694      0.0500000
JINGLE7     -0.5570002      8.6783533      0.1425964      0.0500000      0.1425964      0.0500000
JINGLE8     -0.2770004      8.6528234      0.1294694      0.0500000      0.1294694      0.0500000
JINGLE9      0.0179996      8.6848249      0.1294693      0.0500000      0.1294693      0.0500000
JINGLE12     -0.0220003      8.6244421      0.1242268      0.0500000      0.1242268      0.0500000
JINGLE13      0.2579994      8.4940462      0.1294694      0.0500000      0.1294694      0.0500000
JINGLE17      0.2280006      8.5975485      0.1294694      0.0500000      0.1294694      0.0500000
JINGLE18      0.3879995      8.5308828      0.1294694      0.0500000      0.1294694      0.0500000
JINGLE20     -1.0430002      8.5862761      0.1123919      0.0500000      0.1123919      0.0500000
JINGLE21      0.1879997      8.5489798      0.1242268      0.0500000      0.1242268      0.0500000
JINGLE24      0.3619995      8.5691357      0.1124458      0.0500000      0.1124458      0.0500000
JINGLE27     -0.5299997      8.8659811      0.1242268      0.0500000      0.1242268      0.0500000
JINGLE30     -0.3719997      8.8484421      0.1294694      0.0500000      0.1294694      0.0500000
JINGLE31     -0.3020000      8.7643585      0.1294694      0.0500000      0.1294694      0.0500000
JINGLE32     -0.1119995      8.4516449      0.1294694      0.0500000      0.1294694      0.0500000
JINGLE35     -0.9319992      8.8360844      0.1123919      0.0500000      0.1123919      0.0500000
JINGLE38     -0.4020004      8.7022486      0.1294694      0.0500000      0.1294694      0.0500000
JINGLE39      0.0979996      8.5959921      0.1242268      0.0500000      0.1242268      0.0500000
JINGLE46      0.0080004      8.6442614      0.1242268      0.0500000      0.1242268      0.0500000
JINGLE48     -0.3399992      8.7483387      0.1242268      0.0500000      0.1242268      0.0500000
JINGLE50      0.2679996      8.6482792      0.1294694      0.0500000      0.1294694      0.0500000
JINGLE52     -0.5500002      8.6693001      0.1242268      0.0500000      0.1242268      0.0500000
JINGLE53     -0.6919994      8.6262693      0.1130300      0.0500000      0.1130300      0.0500000
JINGLE55     -1.1800003      8.8859005      0.1294694      0.0500000      0.1294694      0.0500000
JINGLE57     -1.0290003      8.8524714      0.1129242      0.0500000      0.1129242      0.0500000
JINGLE61     -0.9020004      8.6977139      0.1123919      0.0500000      0.1123919      0.0500000
JINGLE63      0.0380001      8.4110298      0.1294694      0.0500000      0.1294694      0.0500000
JINGLE69      0.0780001      8.6181393      0.1294694      0.0500000      0.1294694      0.0500000
JINGLE73      0.1949997      8.7005510      0.1124144      0.0500000      0.1124144      0.0500000
JINGLE75     -0.4300003      8.7749319      0.1242268      0.0500000      0.1242268      0.0500000
JINGLE78     -0.4480000      8.7539272      0.1126634      0.0500000      0.1126634      0.0500000
JINGLE79      0.0279999      8.7476177      0.1242268      0.0500000      0.1242268      0.0500000
JINGLE80      0.0030003      8.7480574      0.1294694      0.0500000      0.1294694      0.0500000
JINGLE83     -0.4600000      8.5469427      0.1242268      0.0500000      0.1242268      0.0500000
JINGLE87     -1.1000004      8.7143116      0.1294694      0.0500000      0.1294694      0.0500000
JINGLE88      0.0730000      8.7075615      0.1242268      0.0500000      0.1242268      0.0500000
JINGLE92     -0.3299999      8.7640991      0.1242268      0.0500000      0.1242268      0.0500000
JINGLE93      0.2180004      8.6493692      0.1294694      0.0500000      0.1294694      0.0500000
JINGLE96      0.3930006      8.6300306      0.1242268      0.0500000      0.1242268      0.0500000
JINGLE97     -0.1899996      8.8454952      0.1242268      0.0500000      0.1242268      0.0500000
JINGLE98     -0.1700001      8.7037401      0.1242268      0.0500000      0.1242268      0.0500000
JINGLE103      0.1929998      8.7895842      0.1242268      0.0500000      0.1242268      0.0500000
JINGLE105     -0.3070002      8.8445330      0.1242268      0.0500000      0.1242268      0.0500000
JINGLE107     -0.4400005      8.8546867      0.1242268      0.0500000      0.1242268      0.0500000
JINGLE109     -0.6990004      8.7751436      0.1128279      0.0500000      0.1128279      0.0500000
JINGLE110      0.5980005      8.6617136      0.1242268      0.0500000      0.1242268      0.0500000
JINGLE112     -0.3809996      8.7249393      0.1125951      0.0500000      0.1125951      0.0500000
JINGLE113      0.1379995      8.7540894      0.1242268      0.0500000      0.1242268      0.0500000
JINGLE114     -0.5699997      8.7550764      0.1242268      0.0500000      0.1242268      0.0500000
JINGLE115     -0.8240004      8.7349205      0.1137019      0.0500000      0.1137019      0.0500000
JINGLE117     -0.2550001      8.6686535      0.1128279      0.0500000      0.1128279      0.0500000
JINGLE128     -0.4300003      8.7984161      0.1242268      0.0500000      0.1242268      0.0500000
JINGLE129     -0.9259996      8.8347435      0.1128279      0.0500000      0.1128279      0.0500000
JINGLE132     -0.8200006      8.7776556      0.1242268      0.0500000      0.1242268      0.0500000
JINGLE133     -0.3000002      8.8433847      0.1242268      0.0500000      0.1242268      0.0500000
JINGLE137     -0.2819996      8.6707726      0.1132700      0.0500000      0.1132700      0.0500000
JINGLE139     -0.5400000      8.7084293      0.1242268      0.0500000      0.1242268      0.0500000
JINGLE140      0.2109995      8.4689941      0.1126635      0.0500000      0.1126635      0.0500000
JINGLE141     -0.1370001      8.7596941      0.1242268      0.0500000      0.1242268      0.0500000
JINGLE143     -0.1900005      8.7915277      0.1242269      0.0500000      0.1242269      0.0500000
JINGLE145     -0.2370005      8.7133512      0.1242268      0.0500000      0.1242268      0.0500000
JINGLE155     -0.9619999      8.7296267      0.1128279      0.0500000      0.1128279      0.0500000
JINGLE161      0.2930002      8.6620474      0.1124458      0.0500000      0.1124458      0.0500000
JINGLE162     -0.6840000      8.8734789      0.1125952      0.0500000      0.1125952      0.0500000
JINGLE164     -0.3610001      8.5827494      0.1125362      0.0500000      0.1125362      0.0500000
JINGLE166     -0.7600002      8.8347435      0.1294694      0.0500000      0.1294694      0.0500000
JINGLE167     -0.3299999      8.5637455      0.1242268      0.0500000      0.1242268      0.0500000
JINGLE168     -0.7469997      8.8347435      0.1125362      0.0500000      0.1125362      0.0500000
JINGLE169     -0.0120001      8.6373625      0.1126634      0.0500000      0.1126634      0.0500000
JINGLE170     -0.5749998      8.8007784      0.1127410      0.0500000      0.1127410      0.0500000
JINGLE172     -0.6260004      8.7731943      0.1127410      0.0500000      0.1127410      0.0500000
JINGLE174     -0.0260000      8.5800428      0.1142205      0.0500000      0.1142205      0.0500000
JINGLE176     -0.7930002      8.6634436      0.1130300      0.0500000      0.1130300      0.0500000
JINGLE178     -0.5190001      8.7897043      0.1123920      0.0500000      0.1123920      0.0500000
JINGLE181     -0.4869995      8.8043947      0.1130300      0.0500000      0.1130300      0.0500000
JINGLE185     -1.3540001      8.6668539      0.1127410      0.0500000      0.1127410      0.0500000
HAPLESS: galaxyname  logMHIMstar  Met_12+log(O/H)   logMHIMstar_low  Met_low  logMHIMstar_high  Met_high
CGCG019-084     -0.3470001      8.5901175      0.1645342      0.0500000      0.1583870      0.0500000
NGC5750     -1.5100002      8.7486830      0.2319753      0.0500000      0.0909328      0.0500000
PGC051719      0.0780001      8.3787098      0.1583870      0.0500000      0.1406569      0.0500000
UGC06877     -0.8570004      8.5823860      0.1188350      0.0500000      0.1583870      0.0500000
UGC09348     -0.4419994      8.4939766      0.1969323      0.0500000      0.1707950      0.0500000
PGC037392      0.0529995      8.3344612      0.1523562      0.0500000      0.1771671      0.0500000
UGC07396     -0.0020008      8.4446487      0.2319753      0.0500000      0.1707950      0.0500000
UM452     -0.5869999      8.2730713      0.2106387      0.0500000      0.1969323      0.0500000
UM491      0.8880005      8.2520428      0.1294694      0.0500000      0.1294694      0.0500000
HIGH: galaxyname  logMHIMstar  Met_12+log(O/H)   logMHIMstar_low  Met_low  logMHIMstar_high  Met_high
UGC06578      0.8029995      8.0419703      0.0909327      0.0500000      0.0909327      0.0500000
NGC4030     -0.7100000      8.8142748      0.1188349      0.0500000      0.1188349      0.0500000
UGC04996      0.4829998      8.4468727      0.1349964      0.0500000      0.1349964      0.0500000
NGC5496      0.5730000      8.3384829      0.0832992      0.0500000      0.0832992      0.0500000
NGC5584     -0.2119999      8.4879055      0.2037333      0.0500000      0.2037333      0.0500000
UGC09215      0.2480001      8.4001026      0.0767307      0.0500000      0.0767307      0.0500000
NGC5690     -0.4800005      8.7621565      0.1188350      0.0500000      0.1188350      0.0500000
NGC5691     -0.8500004      8.5701542      0.2219031      0.0500000      0.2219031      0.0500000
NGC5713     -0.5000000      8.7643213      0.1406569      0.0500000      0.1406569      0.0500000
NGC5740     -0.5400000      8.6826553      0.0994785      0.0500000      0.0994785      0.0500000
IC1011     -0.4300003      8.7348366      0.0994785      0.0500000      0.0994785      0.0500000
UGC07000     -0.0120001      8.3859510      0.2037333      0.0500000      0.2037333      0.0500000
UGC09470      0.2229996      8.1319809      0.1583870      0.0500000      0.1583870      0.0500000
UGC04684      0.2279997      8.5837679      0.1902366      0.0500000      0.1902366      0.0500000
UGC06780      0.8680000      8.4168453      0.1464449      0.0500000      0.1464449      0.0500000
UGC06903     -0.2069998      8.5903997      0.1969323      0.0500000      0.1969323      0.0500000
UGC09299      1.3279991      8.3855181      0.0738992      0.0500000      0.0738992      0.0500000
NGC5705      0.4380007      8.5602579      0.1464449      0.0500000      0.1464449      0.0500000
NGC5725     -0.2019997      8.4248142      0.1583870      0.0500000      0.1583870      0.0500000
2MASXJ14265308+0057462      0.0229998      8.5300274      0.1040539      0.0500000      0.1040539      0.0500000
NGC4202      0.1099997      8.7132301      0.1294694      0.0500000      0.1294694      0.0500000
