HRS no HIdef: galaxyname  logMHIMstar  logMdustMstar   logMHIMstar_low  logMdustMstar_low  logMHIMstar_high  logMdustMstar_high
HRS2     -0.4270000     -2.7282524      0.1349964      0.1444311      0.1523562      0.1706858
HRS9     -1.3470001     -3.6003337      0.1040539      0.1276374      0.1682774      0.2772895
HRS10     -0.1519995     -2.7790327      0.1836486      0.2278771      0.1969323      0.4843555
HRS11     -0.7620001     -2.7623959      0.1464449      0.1499633      0.1240797      0.1523545
HRS12     -0.3270006     -3.0503426      0.1406568      0.1662305      0.1523562      0.2193725
HRS13     -1.0000000     -2.9114032      0.1294694      0.1262736      0.1088126      0.1050677
HRS15     -0.1499996     -2.6017942      0.1406568      0.1525480      0.1406568      0.1920181
HRS16     -0.6219997     -2.6658764      0.1406569      0.1436159      0.1771671      0.1813909
HRS17     -0.2170000     -2.6066585      0.1645342      0.1682935      0.1523562      0.1989894
HRS19     -0.1920004     -2.6868496      0.1294694      0.1449400      0.1523562      0.2289237
HRS20      0.1880007     -2.3241196      0.1188350      0.1172750      0.1464449      0.1509532
HRS23     -0.8999996     -2.9750910      0.1441149      0.1432433      0.1523562      0.1600448
HRS24     -0.0400000     -2.7135940      0.1746040      0.1780839      0.1188349      0.1474768
HRS25     -0.5720005     -2.8988934      0.1349964      0.1364637      0.1464449      0.1703695
HRS26     -0.4619999     -2.9328055      0.1771671      0.2081348      0.1464449      0.3205928
HRS27     -0.3570004     -2.6293907      0.1040539      0.1131878      0.1188349      0.1785535
HRS28     -0.3870001     -2.6317873      0.1464449      0.1503344      0.1902366      0.2281568
HRS29     -0.6269999     -2.6428828      0.1645341      0.1824247      0.1240797      0.1547992
HRS30      0.1280003     -2.4859848      0.1836486      0.2049739      0.1902366      0.3056823
HRS31      0.1380005     -2.7612033      0.1464449      0.1621203      0.1645342      0.2009814
HRS37     -0.7670002     -3.0139694      0.1583870      0.1628015      0.1137430      0.1263451
HRS38     -0.2119999     -2.5940537      0.1902366      0.2083312      0.2106387      0.2717857
HRS40     -0.2819996     -2.7881970      0.1406569      0.1444136      0.1523563      0.1667869
HRS42     -0.4819994     -2.6583891      0.1464449      0.1558070      0.1294694      0.1899664
HRS45     -1.4799995     -3.6026549      0.0832991      0.1091937      0.0674741      0.1731676
HRS48     -0.5599995     -2.6282101      0.1559608      0.1616336      0.1645342      0.2753564
HRS50     -0.8200006     -3.0062971      0.1441149      0.1410490      0.1294694      0.1260345
HRS51      0.0380001     -2.5782127      0.1464449      0.1570376      0.1583870      0.2229361
HRS53     -0.2170000     -2.7097807      0.1464449      0.1522108      0.1464449      0.1876541
HRS54     -0.4870005     -3.2933354      0.2774200      0.2849754      0.1441149      0.2403799
HRS55     -0.3069992     -2.6419954      0.1464450      0.1514800      0.1969323      0.2109606
HRS56     -1.3499994     -3.1598473      0.1406569      0.1377229      0.1406569      0.1375678
HRS59     -0.8000002     -2.9168301      0.1272957      0.1496761      0.1645342      0.3143782
HRS60     -0.5019999     -3.1291590      0.1707949      0.1747390      0.1383773      0.1711728
HRS61      0.3730001     -2.6630869      0.1294694      0.1632447      0.1771671      0.3549504
HRS63     -0.6999998     -2.7421007      0.1441149      0.1479628      0.1523562      0.1660509
HRS64     -0.4219999     -2.6508045      0.1707949      0.2120458      0.1349963      0.4718211
HRS65      0.1230001     -2.7123766      0.1902366      0.2150024      0.1349964      0.2819072
HRS67     -0.1070004     -2.6533561      0.1645342      0.2143102      0.1349963      0.4319369
HRS69     -1.0000000     -3.4987545      0.1294694      0.1621631      0.0909327      0.1902360
HRS70      0.0229998     -2.5007420      0.1349963      0.1504395      0.1969323      0.2731576
HRS72      0.4080000     -2.7503920      0.1707950      0.2035774      0.3181372      0.3729625
HRS73     -1.2100000     -2.8641605      0.2176478      0.2173348      0.1523562      0.1519359
HRS74     -0.5520000     -2.8421745      0.1645342      0.1693288      0.1464449      0.2024189
HRS76     -0.1070004     -2.7442031      0.2037333      0.2478282      0.2467120      0.4908449
HRS77     -0.8100004     -2.8571062      0.1406568      0.1379477      0.1088126      0.1091249
HRS78     -0.0270004     -2.7601047      0.1294694      0.1587431      0.1583870      0.2729273
HRS79      0.3280001     -2.6299710      0.1240797      0.1984133      0.1088126      0.3633684
HRS81     -0.9169998     -3.0824461      0.1645342      0.1644410      0.1327692      0.1577192
HRS82     -0.7370005     -2.8412466      0.1645342      0.1822434      0.1583870      0.2026397
HRS84     -0.9319992     -3.1888733      0.1349964      0.1423288      0.1523563      0.1970755
HRS85     -0.8099995     -2.9687395      0.1294694      0.1321866      0.1406569      0.1797558
HRS86      0.2080002     -2.2896538      0.1406569      0.1616028      0.1464449      0.2735184
HRS88     -0.1520004     -2.5714645      0.1707950      0.1933128      0.1645342      0.2364358
HRS89     -0.1219997     -2.2781105      0.1240796      0.1426378      0.1137430      0.1991651
HRS91     -1.0100002     -2.9868336      0.1188350      0.1203617      0.1645342      0.1659646
HRS92     -0.3020000     -2.6252251      0.1240797      0.1488448      0.1240797      0.1703081
HRS93     -1.1000004     -4.2282333      0.0994786      0.1409862      0.0994786      0.2145910
HRS94     -0.1870003     -2.4922647      0.1707950      0.1958132      0.1188350      0.2989121
HRS95     -1.1270008     -3.2966824      0.1464449      0.1460551      0.1349964      0.1328654
HRS96     -1.1300001     -2.9539442      0.1294694      0.1279859      0.1188350      0.1166639
HRS98     -0.3719997     -2.5684991      0.1240797      0.1365911      0.1240797      0.1876174
HRS102     -0.8000002     -2.6526208      0.1088126      0.1031723      0.0994785      0.0949925
HRS106     -0.6770000     -2.8163266      0.1406569      0.1724286      0.1771671      0.3411768
HRS109     -0.3319998     -2.8619666      0.1406569      0.1643264      0.1088126      0.2281411
HRS110     -0.0719995     -2.6451759      0.1523563      0.1647828      0.1464450      0.2162199
HRS111     -1.0599995     -2.9894528      0.2512137      0.2486439      0.0994785      0.0925191
HRS114     -0.8000002     -2.7361116      0.1523562      0.1498219      0.1406569      0.1373578
HRS121     -1.0100002     -2.9767103      0.1383773      0.1395322      0.1188350      0.1197295
HRS122     -1.2799997     -2.7363615      0.1771671      0.1764651      0.1645342      0.1636899
HRS123     -1.3999996     -3.6004119      0.1645342      0.1795621      0.0674741      0.1365010
HRS132     -0.2520008     -2.9881139      0.1583870      0.1880600      0.1349963      0.3121519
HRS133     -0.1370001     -2.3035340      0.1349963      0.2029324      0.1523562      0.3272718
HRS140     -1.2600002     -3.1974707      0.1088126      0.1452781      0.1188350      0.1878835
HRS142      0.0479994     -2.8960032      0.1188350      0.1222331      0.1294694      0.1442638
HRS143     -0.2770004     -2.5934429      0.2106387      0.2157004      0.1645342      0.2030820
HRS145     -0.5070000     -2.6950016      0.0950996      0.1308265      0.1836486      0.3151526
HRS146     -0.7419996     -2.7205591      0.1836486      0.1967809      0.1349964      0.1616318
HRS147     -0.7319994     -2.6094384      0.2392932      0.2427241      0.1583870      0.1902501
HRS148     -0.2519999     -2.3299923      0.1464449      0.1664867      0.1349964      0.2337046
HRS154     -0.0319996     -2.3928590      0.0650890      0.1340686      0.2542349      0.3626836
HRS157     -0.5469999     -2.7548876      0.1583870      0.1614745      0.1771671      0.1851501
HRS169     -0.8570004     -2.7423267      0.1836486      0.2067925      0.2319754      0.3340061
HRS177     -0.6219997     -2.9110365      0.1645342      0.1712315      0.1240797      0.1371829
HRS182     -0.5520000     -2.7488003      0.1464449      0.1539245      0.1464449      0.1712621
HRS187      0.0279999     -2.3229408      0.1240797      0.1422708      0.1645342      0.2262995
HRS188     -0.4020004     -2.6152134      0.1406569      0.1464517      0.1240797      0.2007040
HRS189     -0.6419992     -2.6767702      0.1836486      0.1952529      0.2695885      0.2972960
HRS194     -0.5500002     -2.5250740      0.1406569      0.1407363      0.1645342      0.1731744
HRS196      0.1479998     -2.4416685      0.1188350      0.1404967      0.1707950      0.2242736
HRS201     -0.9200001     -3.0960832      0.1645341      0.1610894      0.1406568      0.1405405
HRS203      0.1280003     -2.5136337      0.1240797      0.1276984      0.0994785      0.1165211
HRS204     -0.8000002     -2.6488810      0.1771671      0.1791174      0.1902366      0.1906668
HRS205     -0.6800003     -2.8557181      0.1645342      0.1682976      0.1645342      0.1786742
HRS212      0.2879992     -2.7806358      0.1583870      0.1797225      0.1969323      0.3052036
HRS213     -0.8900003     -2.8954144      0.1406569      0.1365647      0.1088126      0.1026125
HRS215     -1.0200005     -3.0590420      0.1682774      0.1650845      0.1523562      0.1530351
HRS216     -1.2400007     -3.0885458      0.1902366      0.1874180      0.1406569      0.1383988
HRS227      0.7530003     -2.3226261      0.1294694      0.1599906      0.1240797      0.2419732
HRS237     -0.7869997     -2.8811512      0.1349963      0.1496062      0.0950996      0.1763095
HRS239     -1.0419998     -2.8978710      0.1583870      0.1591823      0.1240797      0.1245802
HRS242     -0.7770004     -3.0589242      0.1240797      0.1453665      0.1441149      0.1937626
HRS244     -1.4600000     -3.0747900      0.1645342      0.1614260      0.2467120      0.2441476
HRS246     -0.6300001     -2.9919958      0.1523562      0.1538730      0.1088126      0.1331016
HRS247     -0.7399998     -2.7095222      0.1188350      0.1170056      0.1406569      0.1462892
HRS251     -0.9200001     -2.9989281      0.1406569      0.1342213      0.1188350      0.1130605
HRS252      0.0180006     -2.5775480      0.1349964      0.1839212      0.1523562      0.4712736
HRS259      0.2030001     -2.5949640      0.1902366      0.2306167      0.2037333      0.4982397
HRS262      0.1529999     -2.4690914      0.1137430      0.1258609      0.1188349      0.1719360
HRS263     -1.1300001     -2.8543901      0.0994785      0.1176931      0.0832991      0.1107196
HRS267     -0.3570004     -2.8710003      0.1836486      0.2022772      0.1583870      0.2790211
HRS268     -0.4870005     -2.7352157      0.1464450      0.1452808      0.1464450      0.1607220
HRS271     -0.5120001     -2.7148142      0.1707949      0.1887738      0.1406568      0.2761304
HRS273     -0.9369993     -2.8207359      0.1707950      0.1778176      0.1188350      0.1402135
HRS274     -1.0799999     -3.2990217      0.0674741      0.0876884      0.4566645      0.4701411
HRS275      0.1330004     -2.4965887      0.1294693      0.1362392      0.1902366      0.2136355
HRS276     -0.6320000     -2.8555498      0.1240797      0.1439091      0.1523562      0.2157793
HRS280     -0.9070005     -3.1465316      0.1188350      0.1284444      0.1523563      0.1596861
HRS281     -0.6619997     -2.9757891      0.1294694      0.1762308      0.1523562      0.2875916
HRS283      0.0480003     -2.5930243      0.1523562      0.1537904      0.1645342      0.1813256
HRS284     -1.0520000     -3.1844997      0.1836486      0.1817103      0.1746041      0.1729961
HRS287     -0.6120005     -2.8210053      0.1523562      0.1585674      0.1349964      0.1986723
HRS289     -0.6199999     -2.9551582      0.1902366      0.1895806      0.1902366      0.1905210
HRS290     -0.7720003     -3.3071246      0.1645342      0.1699448      0.1240797      0.1821874
HRS292     -0.7969999     -3.1371660      0.1349963      0.1361337      0.1137430      0.1419284
HRS293     -0.2620001     -2.5407295      0.1464449      0.1506771      0.1583870      0.2009923
HRS295     -0.8400002     -2.8488369      0.1406569      0.1416496      0.1294694      0.1511016
HRS297     -0.5000000     -2.6661181      0.1219642      0.1249913      0.1523562      0.1661796
HRS298     -0.2720003     -2.7349558      0.1294693      0.1341389      0.1406569      0.1675162
HRS299     -0.6820002     -2.6255198      0.1088126      0.1343025      0.1583870      0.2984636
HRS301     -0.4120007     -2.5352983      0.1707950      0.1944060      0.1240797      0.3853947
HRS307     -0.7600002     -2.6367545      0.1645342      0.1691581      0.1294694      0.1331976
HRS309      0.2830000     -2.5533485      0.1969323      0.2212372      0.2106387      0.3170032
HRS314      0.1080008     -2.4339237      0.1088126      0.1423839      0.1969323      0.2785901
HRS318     -0.2620001     -2.8021593      0.1645342      0.1742252      0.1406569      0.2147792
HRS319     -0.1220007     -2.5533371      0.2176478      0.2317819      0.0798713      0.2308048
HRS320     -0.0469999     -2.2489491      0.1464449      0.1792257      0.1294693      0.3098328
HRS321     -0.6020002     -2.8744307      0.1294694      0.1341854      0.1707950      0.1988613
HRS323     -0.5670004     -2.8719144      0.1349963      0.1369145      0.1682774      0.1763996
HRS3     -1.6000004     -4.4726820      0.2618603      0.3033231      0.0994785      0.4564388
HRS8     -0.2919998     -2.6266470      0.1406568      0.1536498      0.1167796      0.2121897
HRS33     -0.3319998     -2.8724432      0.1240797      0.1363510      0.1349963      0.1566366
HRS34     -0.3219995     -2.4177794      0.2319754      0.2385684      0.2247602      0.2385862
HRS39     -0.0269995     -2.5599270      0.1464449      0.1853514      0.1583870      0.4124401
HRS41     -0.7469997     -2.7130132      0.2106387      0.2201588      0.1583870      0.1924280
HRS44     -0.3670006     -2.7553411      0.1294693      0.1616113      0.1406568      0.2109574
HRS46     -1.4199991     -3.9998913      0.1771671      0.1844486      0.1406569      0.1521360
HRS47      0.0279999     -2.5708523      0.1836486      0.2340949      0.1464449      0.2447279
HRS52     -0.1320000     -3.5408154      0.1836486      0.2106898      0.0994785      0.3802094
HRS62      0.4379997     -2.3081131      0.1188350      0.1764927      0.1294694      0.4762633
HRS66     -0.5420008     -2.8084421      0.1349964      0.1332245      0.1272957      0.1263909
HRS68     -1.0419998     -3.2773886      0.1406569      0.1554513      0.1583870      0.1998998
HRS75      0.0730000     -2.8066607      0.1836486      0.3281998      0.1464449      0.7805884
HRS107     -0.6870003     -2.8272924      0.1406569      0.1762809      0.1294694      0.2870179
HRS118      0.4379997     -2.6480494      0.1137430      0.2368746      0.1523562      0.9555118
HRS139     -0.3020000     -2.8099623      0.1771671      0.1971217      0.1137430      0.2687904
HRS158      0.1480007     -2.2296448      0.1836486      0.3147017      0.1464449      0.9032708
HRS198     -0.5570002     -2.6259537      0.1464449      0.1711156      0.1645342      0.3504499
HRS238      0.5929995     -3.0525470      0.2467121      0.3515796      0.2542349      0.8968365
HRS255      0.2930002     -2.1547871      0.1137430      0.1961801      0.1349963      0.4472559
HRS257     -1.0799999     -3.1178131      0.1523562      0.1752464      0.2319754      0.2433950
HRS264     -0.7020006     -2.7545466      0.2247602      0.2707008      0.1188350      0.3660094
HRS266      0.6629992     -2.0415754      0.1523563      0.1897546      0.1464449      0.4766077
HRS279     -0.1269999     -2.4059057      0.1707950      0.2036137      0.1583870      0.3594818
HRS286     -1.0699997     -3.6697798      0.2176478      0.3612984      0.1294693      0.8209754
HRS296     -1.1969995     -4.2075033      0.0994785      0.1592132      0.2176478      0.3370200
HRS302     -0.0869999     -2.3547544      0.1523562      0.2264119      0.1523562      0.5870258
HRS308     -0.2570000     -3.4183583      0.1406569      0.1811658      0.2037333      0.3373520
HRS317     -0.1870003     -2.8465948      0.1523562      0.2487097      0.1294694      0.7241527
HRS322     -0.6499996     -3.2181816      0.1088126      0.1844461      0.1294694      0.7131158
HRS HIdef: galaxyname  logMHIMstar  logMdustMstar   logMHIMstar_low  logMdustMstar_low  logMHIMstar_high  logMdustMstar_high
HRS4     -1.4100008     -3.1559148      0.1406569      0.1455011      0.1406569      0.1480059
HRS5     -1.4120007     -3.1868305      0.1902366      0.1932312      0.1523562      0.1534486
HRS18     -1.2570000     -3.3612194      0.1836486      0.1987866      0.1583870      0.2526146
HRS22     -2.4300003     -4.4671288      0.1088126      0.1973346      0.1406569      0.5960445
HRS36     -1.5799999     -3.1876788      0.1406569      0.1411567      0.1294694      0.1360701
HRS57     -1.0419998     -2.8358965      0.1406568      0.1393461      0.1499774      0.1470855
HRS83     -0.5719995     -2.8748059      0.1707949      0.2427105      0.1645342      0.6594365
HRS97     -1.5900002     -3.1238356      0.1294694      0.1249430      0.1088126      0.1032495
HRS100     -1.6400003     -3.1112480      0.2290772      0.2270981      0.1294694      0.1275067
HRS113     -1.0699997     -2.9451346      0.1771671      0.1740103      0.1188350      0.1155267
HRS115     -1.5170002     -3.3613119      0.1969321      0.2158997      0.1137426      0.2768644
HRS119     -1.9400005     -3.3194323      0.2664852      0.2714937      0.1523562      0.1622186
HRS120     -2.0100002     -3.2459011      0.1383773      0.1485047      0.0909327      0.1313509
HRS124     -0.9219999     -2.6624832      0.1349963      0.1498833      0.1188349      0.1604316
HRS127     -1.3599997     -3.1799750      0.1294694      0.1313932      0.0994785      0.1059154
HRS128     -0.9720001     -2.7538571      0.1349963      0.1630737      0.1137430      0.2145725
HRS130     -0.6820002     -2.8259878      0.1406569      0.1573396      0.1583870      0.3121136
HRS134     -1.8369999     -3.3483024      0.1464450      0.1677579      0.2078643      0.2564844
HRS136     -2.1500006     -3.5988836      0.1441149      0.1479913      0.1406569      0.1450217
HRS141     -1.8699999     -3.0629616      0.0832991      0.0923281      0.0994785      0.1050684
HRS144     -1.5400000     -3.2948246      0.2467120      0.2507267      0.1088126      0.1313345
HRS149     -1.4600000     -2.9597507      0.1523562      0.1490989      0.1088126      0.1034753
HRS151     -1.3870001     -3.1258297      0.1188350      0.1381464      0.0994785      0.1926157
HRS152     -1.0420008     -3.0542278      0.1240797      0.1320589      0.1240797      0.1519674
HRS153     -0.9519997     -2.8035340      0.1523562      0.1623881      0.2037333      0.2615714
HRS156     -2.3299999     -3.4288502      0.1294694      0.1309614      0.0909327      0.1047483
HRS159     -1.4799995     -3.5472264      0.0767307      0.0869319      0.3265972      0.3531046
HRS160     -1.0220003     -2.8330193      0.1583870      0.1623787      0.1167796      0.1566962
HRS163     -1.8800001     -3.6221523      0.0909327      0.1095445      0.1771670      0.1908985
HRS167     -1.7819996     -3.1129913      0.1771671      0.1829786      0.1771671      0.1837490
HRS170     -2.0600004     -3.4439540      0.1902366      0.2110433      0.0909327      0.2564611
HRS171     -1.1719999     -3.1121168      0.1836486      0.1878396      0.1240797      0.1301555
HRS172     -1.8369999     -3.1761684      0.1040536      0.1128456      0.0909323      0.1024579
HRS173     -2.0299997     -3.8283396      0.1294694      0.1339208      0.0832991      0.0974764
HRS176     -2.9800000     -4.0379748      0.0909323      0.1051977      0.1771669      0.1857411
HRS185     -2.3570004     -3.4744511      0.0950992      0.1410101      0.0785791      0.1952342
HRS190     -1.7200003     -3.0845690      0.1645342      0.1619776      0.1188350      0.1183963
HRS193     -0.5720005     -2.4430733      0.1349964      0.1517344      0.1464450      0.2309060
HRS197     -0.8420000     -2.8054976      0.1771671      0.1826400      0.1240797      0.1552752
HRS206     -1.3119998     -3.0671272      0.1645340      0.1821141      0.1645340      0.2889538
HRS207     -1.2570000     -2.9924684      0.3015368      0.3024127      0.2037333      0.2077804
HRS217     -1.8299999     -3.2118592      0.3615147      0.3619764      0.1771671      0.1769780
HRS220     -2.0600004     -3.2709007      0.1088126      0.1225762      0.0994785      0.1141175
HRS221     -2.2770000     -3.1478810      0.1349961      0.1384129      0.1682772      0.1696503
HRS224     -2.1100006     -3.4603877      0.1523562      0.1996789      0.0994785      0.4645810
HRS226     -0.9720001     -3.0585866      0.1464449      0.1607431      0.1349963      0.1984051
HRS230     -0.6269999     -2.7728486      0.2542348      0.2589497      0.2392932      0.2635386
HRS232     -2.0470004     -3.5545783      0.0994782      0.1238104      0.1523560      0.1891555
HRS233     -1.3970003     -2.9300165      0.1645342      0.1700924      0.1464449      0.1522578
HRS253     -1.9299994     -4.7787886      0.1188349      0.1300966      0.1771671      0.2091233
HRS254     -1.5999994     -3.0264502      0.2319753      0.2395141      0.1406569      0.1524415
HRS256     -1.4919996     -3.3840089      0.1583870      0.1580026      0.1272957      0.1319218
HRS260     -2.7299995     -3.7192907      0.0767303      0.0763468      0.1294691      0.1367682
HRS261     -0.7420006     -2.7246757      0.1707950      0.1940684      0.1040539      0.2617104
HRS285     -2.2900000     -3.4690857      0.1645342      0.1649061      0.1088126      0.1102009
HRS288     -1.6300001     -3.1563015      0.2363526      0.2396060      0.1523562      0.5358328
HRS294     -0.7570000     -2.8673563      0.1707949      0.1808779      0.1188349      0.2022036
HRS300     -1.1419992     -3.4476609      0.2774200      0.3142581      0.1040539      0.4742957
HRS304     -1.2319994     -2.8351660      0.1583870      0.1603807      0.1583870      0.1600232
HRS306     -2.6599998     -4.2041802      0.1645342      0.1937000      0.2176478      0.3527301
HRS310     -0.8870001     -2.9833870      0.1771671      0.1874883      0.1559609      0.2410546
HRS6     -0.0520000     -2.2728577      0.1836486      0.2523820      0.1240796      0.6580879
HRS14     -2.4700003     -5.0212851      0.2467119      0.3021031      0.1088122      0.4843551
HRS21     -0.5620003     -2.4752884      0.2037333      0.2516480      0.1771671      0.5196660
HRS58     -0.7170000     -2.8274488      0.1523562      0.1754281      0.1188349      0.1465792
HRS80     -1.0520000     -2.9038477      0.1645342      0.2035499      0.1464449      0.7457082
HRS99     -1.0619998     -3.0490599      0.1583868      0.1658513      0.1707948      0.1874556
HRS103     -2.2200003     -3.8366470      0.1294694      0.1594849      0.0832991      0.1411332
HRS108     -1.1069994     -3.1254158      0.1406569      0.1993984      0.1188350      0.1969169
HRS117     -2.0699997     -3.2039328      0.3981951      0.4052950      0.0909327      0.1287993
HRS129     -2.4299998     -4.8949952      0.1902364      0.1959326      0.1523560      0.2213337
HRS131     -1.0619993     -3.0324945      0.1836486      0.3483213      0.1040539      0.2442857
HRS165     -0.6070004     -2.7711148      0.1583870      0.2302061      0.1523562      0.4533087
HRS180     -2.8199997     -5.0966792      0.0994782      0.1475242      0.0674736      0.1481549
HRS186     -2.1399994     -5.5058851      0.0674741      0.1876518      0.0674741      0.4467170
HRS191     -0.4520006     -2.9224424      0.1645342      0.2248812      0.1707949      0.4427547
HRS199     -1.2770004     -3.1574974      0.1771669      0.2277610      0.0994782      0.3932416
HRS208     -1.9200001     -3.1588812      0.2618603      0.2687411      0.0650890      0.0912181
HRS209     -2.2200003     -4.2397728      0.2467121      0.3406066      0.1294694      0.9159825
HRS222     -1.8770003     -3.4394751      0.0692503      0.1746863      0.1040536      0.2960332
HRS223     -0.3570004     -2.5376940      0.1645342      0.2905528      0.1583870      0.8544961
HRS225     -1.0670004     -3.9102139      0.2933935      0.4466033      0.0798709      5.4183621
HRS231     -2.9799995     -5.2160249      0.0650885      0.0997577      0.0650885      0.1370043
HRS243     -2.5699997     -3.6922350      0.1088126      0.1457321      0.1188350      0.2864447
HRS277     -1.1869998     -3.4283986      0.1523560      0.2558859      0.1406566      0.4348402
HRS278     -1.7669997     -3.1323690      0.2176477      0.2429821      0.1645340      0.2561599
HRS305     -1.5470004     -3.3810511      0.2542347      0.3749689      0.1137427      0.6950790
HRS311     -1.7399998     -3.3892856      0.1523562      0.1620734      0.0994785      0.1250520
HRS313     -0.6870003     -2.6061511      0.1707950      0.1936231      0.1188349      0.3063402
KINGFISH: galaxyname  logMHIMstar  logMdustMstar   logMHIMstar_low  logMdustMstar_low  logMHIMstar_high  logMdustMstar_high
NGC1482     -1.1902332     -2.9542274      0.1123741      0.1369981      0.1123741      0.1489109
NGC5866     -2.2001867     -4.0479188      0.1123741      0.1313283      0.1123741      0.1315316
JINGLE: galaxyname  logMHIMstar  logMdustMstar   logMHIMstar_low  logMdustMstar_low  logMHIMstar_high  logMdustMstar_high
JINGLE3     -0.4560003     -2.4744258      0.1132701      0.1410546      0.1132701      0.1630881
JINGLE4     -0.6120005     -2.7773209      0.1294693      0.1428706      0.1294693      0.2423640
JINGLE5     -0.2399998     -2.6306744      0.1262132      0.1429883      0.1262132      0.2351836
JINGLE10     -0.5979996     -3.1005182      0.1267333      0.1495680      0.1267333      0.1963940
JINGLE11     -0.0819998     -2.3079219      0.2496119      0.1638091      0.2496119      0.3117220
JINGLE15      0.1689997     -2.4609203      0.1124144      0.1505205      0.1124144      0.2140191
JINGLE16     -0.4119997     -2.7584019      0.1356080      0.1700787      0.1356080      0.2305348
JINGLE19     -1.1840000     -3.1707792      0.1123919      0.1591071      0.1123919      0.3868061
JINGLE22     -0.5600004     -2.8336473      0.1294694      0.1498395      0.1294694      0.1783997
JINGLE23     -1.0000000     -2.9941063      0.1294694      0.1433174      0.1294694      0.2187887
JINGLE25     -0.7600002     -2.8787746      0.1294693      0.1415866      0.1294693      0.1571882
JINGLE26     -0.2570000     -2.6354437      0.1294694      0.1455001      0.1294694      0.1684873
JINGLE28     -0.2570000     -2.4808397      0.1294694      0.1589443      0.1294694      0.3224739
JINGLE33     -0.2190008     -2.7059226      0.1124458      0.1296875      0.1124458      0.1440633
JINGLE34     -0.1320000     -2.2782516      0.1294694      0.1546734      0.1294694      0.2789181
JINGLE36     -0.6079998     -2.6383119      0.1128279      0.1610019      0.1128279      0.2207965
JINGLE40     -0.4600000     -2.7848496      0.1242268      0.1441586      0.1242268      0.1782572
JINGLE41     -0.9600000     -2.9964705      0.1294694      0.1382742      0.1294694      0.1466464
JINGLE43     -0.1500006     -2.5667858      0.1294694      0.1314869      0.1294694      0.1410595
JINGLE44     -0.5299997     -2.8202353      0.1294694      0.1498422      0.1294694      0.2432633
JINGLE45     -0.7399998     -2.8466473      0.1294693      0.1463447      0.1294693      0.1744025
JINGLE47     -1.1030006     -3.0699339      0.1123919      0.1360011      0.1123919      0.1522973
JINGLE49     -1.2209997     -2.8505936      0.1126634      0.1415638      0.1126634      0.1745379
JINGLE51     -0.2300005     -2.6427164      0.1242268      0.1380650      0.1242268      0.1556807
JINGLE56     -0.8699999     -3.1611176      0.1294694      0.1369854      0.1294694      0.1762526
JINGLE58     -0.5100002     -2.9382582      0.1356080      0.2026746      0.1356080      0.3637714
JINGLE60     -0.0099993     -2.0602694      0.1125361      0.1822475      0.1125361      0.4217917
JINGLE64     -0.0850000     -2.1060972      0.1129242      0.1721252      0.1129242      0.3049141
JINGLE66     -0.3099995     -2.8041525      0.1242268      0.1483250      0.1242268      0.1930157
JINGLE70     -1.1760006     -3.0096416      0.1127410      0.1495114      0.1127410      0.2003134
JINGLE71      0.1530008     -2.3282938      0.1242268      0.1534416      0.1242268      0.1855425
JINGLE72     -0.8190002     -2.2785053      0.1140379      0.1322587      0.1140379      0.1399832
JINGLE74      0.0629997     -2.0764427      0.1294694      0.1574293      0.1294694      0.2128396
JINGLE76     -1.0000000     -3.2861547      0.1123919      0.1364029      0.1123919      0.1352461
JINGLE77     -0.1000004     -2.5390511      0.1242268      0.1337271      0.1242268      0.1694187
JINGLE81     -1.6719999     -2.9549747      0.1160315      0.1475050      0.1160315      0.1915103
JINGLE82      0.2130003     -2.2777929      0.1294694      0.1889600      0.1294694      0.2981838
JINGLE84     -0.7900000     -2.8746219      0.1294694      0.1502555      0.1294694      0.2360906
JINGLE85     -0.5820007     -2.8274403      0.1425964      0.1600276      0.1425964      0.2100161
JINGLE86     -0.5000000     -2.8517308      0.1242268      0.1459023      0.1242268      0.1910693
JINGLE89     -0.5489998     -2.6563425      0.1126634      0.1383437      0.1126634      0.1892416
JINGLE90     -0.0220003     -2.1252146      0.1242268      0.1620273      0.1242268      0.2477395
JINGLE99     -0.1399994     -2.5871572      0.1242268      0.1458323      0.1242268      0.1846987
JINGLE100     -0.2130003     -2.3361979      0.1124458      0.1409575      0.1124458      0.1573926
JINGLE101     -0.5200005     -2.4352074      0.1242268      0.1314667      0.1242268      0.1454575
JINGLE102      0.4080000     -2.1968145      0.1242268      0.1422616      0.1242268      0.1710545
JINGLE106     -1.1970005     -2.9284363      0.1129242      0.1482998      0.1129242      0.2048939
JINGLE108      0.0930004     -2.2440214      0.1242268      0.1377763      0.1242268      0.1636086
JINGLE111     -0.7500000     -2.9403663      0.1294694      0.1531901      0.1294694      0.2034793
JINGLE118     -0.5200005     -2.8416262      0.1242268      0.1332639      0.1242268      0.1405796
JINGLE121     -0.7630005     -2.9592228      0.1124458      0.1557081      0.1124458      0.2670246
JINGLE122     -0.6300001     -2.7940817      0.1242268      0.1444488      0.1242268      0.2361923
JINGLE123     -0.1800003     -2.5491447      0.1242268      0.1412394      0.1242268      0.2003832
JINGLE125     -0.9400005     -2.9446135      0.1242268      0.1526399      0.1242268      0.1867430
JINGLE127     -0.6300001     -2.7260065      0.1242268      0.1481793      0.1242268      0.2014704
JINGLE131     -0.8490000     -2.7251930      0.1129242      0.1449735      0.1129242      0.1712634
JINGLE135     -0.0369997     -2.3187819      0.1294694      0.1559015      0.1294694      0.2087765
JINGLE136     -1.3490000     -2.9033098      0.1135482      0.1358758      0.1135482      0.1587586
JINGLE138      0.0480003     -2.4925089      0.1125952      0.1891930      0.1125952      0.3742497
JINGLE144     -1.1339998     -3.1353912      0.1127410      0.1377129      0.1127410      0.1497731
JINGLE146      0.0880003     -2.3312216      0.1294694      0.1405668      0.1294694      0.1560117
JINGLE147     -0.8640003     -3.0047698      0.1123920      0.1317711      0.1123920      0.1507516
JINGLE148     -0.7980003     -2.7148294      0.1129242      0.1387758      0.1129242      0.1602162
JINGLE149     -0.4449997     -2.7725205      0.1123919      0.1412489      0.1123919      0.1727832
JINGLE151     -0.4100008     -2.8559198      0.1242268      0.1558301      0.1242268      0.2244960
JINGLE152     -0.6599998     -2.5776796      0.1242268      0.1404935      0.1242268      0.1573039
JINGLE154     -1.2399998     -3.0365686      0.1242268      0.1309866      0.1242268      0.1446266
JINGLE156     -0.8299999     -2.8677497      0.1242268      0.1400029      0.1242268      0.1652977
JINGLE160     -0.3519993     -2.7112942      0.1242268      0.1459787      0.1242268      0.1741479
JINGLE163     -1.1280003     -2.7000279      0.1128279      0.1534689      0.1128279      0.2739107
JINGLE165     -1.1920004     -2.9247146      0.1137019      0.1358708      0.1137019      0.1465544
JINGLE173     -0.1000004     -2.7502947      0.1242268      0.1551355      0.1242268      0.1841941
JINGLE175     -0.1810007     -2.4513316      0.1124865      0.1609345      0.1124865      0.2353153
JINGLE183     -0.9199991     -3.2423854      0.1294694      0.1464426      0.1294694      0.1802219
JINGLE184     -0.7000008     -2.6405425      0.1126634      0.1475683      0.1126634      0.2418879
JINGLE189     -0.0799999     -2.5659170      0.1242268      0.1404227      0.1242268      0.1788755
JINGLE191     -0.6980000     -2.8901949      0.1123919      0.1422672      0.1123919      0.1662669
JINGLE0     -1.6090002     -3.6265898      0.1318198      0.1543538      0.1318198      0.1916796
JINGLE1     -0.2570000     -2.8293362      0.1242269      0.1823718      0.1242269      0.5132101
JINGLE2      0.3730001     -2.3015757      0.1242268      0.2985409      0.1242268      1.8595773
JINGLE6     -0.4319992     -2.3083467      0.1294694      0.1941942      0.1294694      0.3035590
JINGLE7     -0.5570002     -2.5915852      0.1425964      0.1557527      0.1425964      0.2684542
JINGLE8     -0.2770004     -2.8822589      0.1294694      0.1859590      0.1294694      0.2902930
JINGLE9      0.0179996     -2.8084888      0.1294693      0.1681665      0.1294693      0.3026251
JINGLE12     -0.0220003     -2.4020247      0.1242268      0.1813979      0.1242268      0.3116270
JINGLE13      0.2579994     -2.3530126      0.1294694      0.1912556      0.1294694      0.3526507
JINGLE17      0.2280006     -2.4700823      0.1294694      0.1848257      0.1294694      0.2974794
JINGLE18      0.3879995     -1.9899158      0.1294694      0.2278635      0.1294694      0.4356246
JINGLE20     -1.0430002     -3.3112822      0.1123919      0.1738520      0.1123919      0.3654304
JINGLE21      0.1879997     -2.3359327      0.1242268      0.2250951      0.1242268      0.6934421
JINGLE24      0.3619995     -2.1694918      0.1124458      0.2502517      0.1124458      0.4587305
JINGLE27     -0.5299997     -3.1587191      0.1242268      0.1796407      0.1242268      0.3786355
JINGLE30     -0.3719997     -2.6989279      0.1294694      0.2049946      0.1294694      0.3606169
JINGLE31     -0.3020000     -2.6914873      0.1294694      0.1706311      0.1294694      0.3195759
JINGLE32     -0.1119995     -2.5761299      0.1294694      0.1731744      0.1294694      0.2699581
JINGLE35     -0.9319992     -2.9723225      0.1123919      0.1422989      0.1123919      0.2175585
JINGLE38     -0.4020004     -2.8882155      0.1294694      0.1477854      0.1294694      0.1726922
JINGLE39      0.0979996     -2.3924608      0.1242268      0.1771707      0.1242268      0.2336967
JINGLE46      0.0080004     -2.6623096      0.1242268      0.2296301      0.1242268      0.5256346
JINGLE48     -0.3399992     -2.8354545      0.1242268      0.1311339      0.1242268      0.1485794
JINGLE50      0.2679996     -1.7432427      0.1294694      0.2895952      0.1294694      0.5666943
JINGLE52     -0.5500002     -2.7860317      0.1242268      0.1815846      0.1242268      0.3022623
JINGLE53     -0.6919994     -2.7448359      0.1130300      0.1817509      0.1130300      0.2135221
JINGLE54     -1.2400007     -2.9217186      0.1356080      0.1394206      0.1356080      0.1464376
JINGLE55     -1.1800003     -3.2848969      0.1294694      0.1365097      0.1294694      0.1463165
JINGLE57     -1.0290003     -2.5232048      0.1129242      0.1631753      0.1129242      0.3961305
JINGLE61     -0.9020004     -3.3319740      0.1123919      0.1614579      0.1123919      0.2957840
JINGLE63      0.0380001     -3.1962156      0.1294694      0.1981288      0.1294694      0.3807828
JINGLE69      0.0780001     -2.5620251      0.1294694      0.1595255      0.1294694      0.2027433
JINGLE73      0.1949997     -2.2760849      0.1124144      0.1794151      0.1124144      0.2504630
JINGLE75     -0.4300003     -2.7383661      0.1242268      0.1619442      0.1242268      0.2832406
JINGLE78     -0.4480000     -2.6580153      0.1126634      0.1985349      0.1126634      0.4719492
JINGLE79      0.0279999     -2.7520647      0.1242268      0.1876649      0.1242268      0.2349113
JINGLE80      0.0030003     -2.5370884      0.1294694      0.1846692      0.1294694      0.4261093
JINGLE83     -0.4600000     -2.7065253      0.1242268      0.1492169      0.1242268      0.2392892
JINGLE87     -1.1000004     -2.9641552      0.1294694      0.1582750      0.1294694      0.2141769
JINGLE88      0.0730000     -2.6721067      0.1242268      0.1807349      0.1242268      0.4354614
JINGLE92     -0.3299999     -2.5535326      0.1242268      0.1577194      0.1242268      0.1865707
JINGLE93      0.2180004     -2.1709337      0.1294694      0.1795603      0.1294694      0.2744499
JINGLE96      0.3930006     -2.6581998      0.1242268      0.2331187      0.1242268      0.6289107
JINGLE97     -0.1899996     -2.8569894      0.1242268      0.1819551      0.1242268      0.4421641
JINGLE98     -0.1700001     -2.7591867      0.1242268      0.1751983      0.1242268      0.2773920
JINGLE103      0.1929998     -2.2668810      0.1242268      0.1419700      0.1242268      0.1982682
JINGLE105     -0.3070002     -2.6481991      0.1242268      0.1473151      0.1242268      0.1673957
JINGLE107     -0.4400005     -2.4960127      0.1242268      0.1857544      0.1242268      0.3111716
JINGLE109     -0.6990004     -2.7539635      0.1128279      0.1715674      0.1128279      0.2825277
JINGLE110      0.5980005     -2.1217208      0.1242268      0.2986801      0.1242268      1.4680204
JINGLE112     -0.3809996     -2.2428904      0.1125951      0.1972284      0.1125951      0.3213694
JINGLE113      0.1379995     -2.5756702      0.1242268      0.1711166      0.1242268      0.3677993
JINGLE114     -0.5699997     -2.9072695      0.1242268      0.1510710      0.1242268      0.1828138
JINGLE115     -0.8240004     -2.7504687      0.1137019      0.1419295      0.1137019      0.1761678
JINGLE117     -0.2550001     -1.9376493      0.1128279      0.3631646      0.1128279      1.7380329
JINGLE120      0.1479998     -1.9245014      0.1242268      0.2410295      0.1242268      0.6485860
JINGLE128     -0.4300003     -2.7513947      0.1242268      0.1558189      0.1242268      0.1935476
JINGLE129     -0.9259996     -3.0016675      0.1128279      0.1878947      0.1128279      0.3247723
JINGLE132     -0.8200006     -3.0044098      0.1242268      0.1592923      0.1242268      0.2690338
JINGLE133     -0.3000002     -2.6866708      0.1242268      0.1393309      0.1242268      0.1431435
JINGLE134     -0.4699993     -2.7342763      0.1242268      0.1631745      0.1242268      0.2335282
JINGLE137     -0.2819996     -2.6052418      0.1132700      0.3361202      0.1132700      6.0362320
JINGLE139     -0.5400000     -2.6006775      0.1242268      0.1770509      0.1242268      0.3325279
JINGLE140      0.2109995     -1.8590574      0.1126635      0.1710687      0.1126635      0.2716157
JINGLE141     -0.1370001     -2.2155728      0.1242268      0.1583039      0.1242268      0.2231124
JINGLE143     -0.1900005     -2.6284900      0.1242269      0.1578844      0.1242269      0.2325823
JINGLE145     -0.2370005     -3.2212458      0.1242268      0.1896879      0.1242268      0.3083751
JINGLE155     -0.9619999     -2.9445419      0.1128279      0.1659364      0.1128279      0.2007488
JINGLE161      0.2930002     -1.6127448      0.1124458      0.2271719      0.1124458      0.4989961
JINGLE162     -0.6840000     -2.7235112      0.1125952      0.1502300      0.1125952      0.2499180
JINGLE164     -0.3610001     -2.9668083      0.1125362      0.1737341      0.1125362      0.3823155
JINGLE166     -0.7600002     -2.8853960      0.1294694      0.1551892      0.1294694      0.2461661
JINGLE167     -0.3299999     -2.4793940      0.1242268      0.1438020      0.1242268      0.1726366
JINGLE168     -0.7469997     -2.6399488      0.1125362      0.1750343      0.1125362      0.2883932
JINGLE169     -0.0120001     -2.3209038      0.1126634      0.1662481      0.1126634      0.2299829
JINGLE170     -0.5749998     -2.7193995      0.1127410      0.1737667      0.1127410      0.2241558
JINGLE172     -0.6260004     -2.7629499      0.1127410      0.1731794      0.1127410      0.2781202
JINGLE174     -0.0260000     -1.5055709      0.1142205      0.2667627      0.1142205      0.5231261
JINGLE176     -0.7930002     -2.7505798      0.1130300      0.1478451      0.1130300      0.1849848
JINGLE178     -0.5190001     -2.8235884      0.1123920      0.1545646      0.1123920      0.2601991
JINGLE181     -0.4869995     -2.5805435      0.1130300      0.1546988      0.1130300      0.2513860
JINGLE185     -1.3540001     -2.9674258      0.1127410      0.1761428      0.1127410      0.2775798
JINGLE187     -0.1799994     -2.5202293      0.1124458      0.1713747      0.1124458      0.4270810
HAPLESS: galaxyname  logMHIMstar  logMdustMstar   logMHIMstar_low  logMdustMstar_low  logMHIMstar_high  logMdustMstar_high
CGCG019-084     -0.3470001     -2.8226767      0.1645342      0.1811619      0.1583870      0.2157414
NGC5750     -1.5100002     -3.4678926      0.2319753      0.2458348      0.0909328      0.1395053
PGC051719      0.0780001     -2.6311617      0.1583870      0.1975587      0.1406569      0.3359374
UGC06877     -0.8570004     -3.6144571      0.1188350      0.1488646      0.1583870      0.2295666
UGC09348     -0.4419994     -2.8274975      0.1969323      0.2178440      0.1707950      0.3137500
PGC037392      0.0529995     -2.5382667      0.1523562      0.3298688      0.1771671      1.1131635
UGC07396     -0.0020008     -2.5261660      0.2319753      0.3925927      0.1707950      3.2854266
UM452     -0.5869999     -3.2680798      0.2106387      0.3480821      0.1969323      1.4428163
UM491      0.8880005     -2.8316479      0.1294694      0.3172686      0.1294694      4.1436005
HIGH: galaxyname  logMHIMstar  logMdustMstar   logMHIMstar_low  logMdustMstar_low  logMHIMstar_high  logMdustMstar_high
UGC06578      0.8029995     -2.7820511      0.0909327      0.2825568      0.0909327      0.2825568
NGC4030     -0.7100000     -3.0107746      0.1188349      0.1119667      0.1188349      0.1119667
UGC04996      0.4829998     -2.4079914      0.1349964      0.2099729      0.1349964      0.2099729
NGC5496      0.5730000     -2.3467832      0.0832992      0.1265991      0.0832992      0.1265991
NGC5584     -0.2119999     -2.4697285      0.2037333      0.2086934      0.2037333      0.2086934
UGC09215      0.2480001     -2.3746319      0.0767307      0.1269993      0.0767307      0.1269993
NGC5690     -0.4800005     -2.7772121      0.1188350      0.1133166      0.1188350      0.1133166
NGC5691     -0.8500004     -3.1607280      0.2219031      0.2225238      0.2219031      0.2225238
NGC5713     -0.5000000     -3.1064720      0.1406569      0.1368586      0.1406569      0.1368586
NGC5719     -0.7200003     -3.3344870      0.1088126      0.1088927      0.1088126      0.1088927
NGC5740     -0.5400000     -3.0950584      0.0994785      0.1037732      0.0994785      0.1037732
NGC5746     -1.4700003     -3.3234158      0.1294694      0.1249270      0.1294694      0.1249270
IC1011     -0.4300003     -2.7313499      0.0994785      0.1260054      0.0994785      0.1260054
UGC07000     -0.0120001     -2.7514162      0.2037333      0.2343583      0.2037333      0.2343583
UGC09470      0.2229996     -2.8476372      0.1583870      0.2331998      0.1583870      0.2331998
UGC04684      0.2279997     -2.6919942      0.1902366      0.3012091      0.1902366      0.3012091
UGC06780      0.8680000     -2.2170315      0.1464449      0.3478873      0.1464449      0.3478873
UGC06903     -0.2069998     -2.6483932      0.1969323      0.2137632      0.1969323      0.2137632
UGC07531      0.4530001     -2.8955245      0.1088126      0.3026859      0.1088126      0.3026859
UGC09299      1.3279991     -2.2321796      0.0738992      0.2234858      0.0738992      0.2234858
NGC5705      0.4380007     -1.9724169      0.1464449      0.1972155      0.1464449      0.1972155
NGC5725     -0.2019997     -2.8089662      0.1583870      0.2204395      0.1583870      0.2204395
2MASXJ14265308+0057462      0.0229998     -2.3231163      0.1040539      0.2413053      0.1040539      0.2413053
IC1010     -0.2699995     -2.8551836      0.3438388      0.3820521      0.3438388      0.3820521
NGC4202      0.1099997     -2.7969151      0.1294694      0.1570148      0.1294694      0.1570148
