HRS no HIdef: galaxyname  logMHIMstar  logMdustMmetals   logMHIMstar_low  logMdustMmetals_low  logMHIMstar_high  logMdustMmetals_high
HRS2     -0.4270000     -0.6664953      0.1349964      0.0829776      0.1523562      0.1008472
HRS10     -0.1519995     -0.8139930      0.1836486      0.1498120      0.1969323      0.4472812
HRS11     -0.7620001     -0.4174576      0.1464449      0.0726740      0.1240797      0.1097943
HRS12     -0.3270006     -0.8171825      0.1406568      0.1100618      0.1523562      0.1708136
HRS13     -1.0000000     -0.4012933      0.1294694      0.0583571      0.1088126      0.0584969
HRS16     -0.6219997     -0.4859047      0.1406569      0.0711928      0.1771671      0.0757742
HRS17     -0.2170000     -0.6463609      0.1645342      0.0739907      0.1523562      0.1435541
HRS19     -0.1920004     -0.8518624      0.1294694      0.0920197      0.1523562      0.1828004
HRS20      0.1880007     -0.6615052      0.1188350      0.0620997      0.1464449      0.0746019
HRS24     -0.0400000     -1.0379786      0.1746040      0.0737186      0.1188349      0.1087878
HRS25     -0.5720005     -0.6702528      0.1349964      0.0679988      0.1464449      0.1086517
HRS26     -0.4619999     -0.6533256      0.1771671      0.1272104      0.1464449      0.2925478
HRS27     -0.3570004     -0.6121616      0.1040539      0.0789171      0.1188349      0.1483349
HRS28     -0.3870001     -0.6228356      0.1464449      0.0734143      0.1902366      0.1417777
HRS29     -0.6269999     -0.3892226      0.1645341      0.1022547      0.1240797      0.1132068
HRS30      0.1280003     -0.8647380      0.1836486      0.1118811      0.1902366      0.2479549
HRS31      0.1380005     -0.8715062      0.1464449      0.0951718      0.1645342      0.1324492
HRS37     -0.7670002     -0.6732135      0.1583870      0.0751780      0.1137430      0.0852025
HRS38     -0.2119999     -0.5123935      0.1902366      0.1070110      0.2106387      0.1836798
HRS40     -0.2819996     -0.6974750      0.1406569      0.0728434      0.1523563      0.0940249
HRS48     -0.5599995     -0.5096331      0.1559608      0.0775883      0.1645342      0.2301477
HRS50     -0.8200006     -0.6341939      0.1441149      0.0578721      0.1294694      0.0578433
HRS51      0.0380001     -0.8488145      0.1464449      0.0862571      0.1583870      0.1698224
HRS53     -0.2170000     -0.8411126      0.1464449      0.0770908      0.1464449      0.1341228
HRS55     -0.3069992     -0.7268643      0.1464450      0.0756527      0.1969323      0.0997262
HRS56     -1.3499994     -0.3544769      0.1406569      0.0584122      0.1406569      0.0580457
HRS59     -0.8000002     -0.5000458      0.1272957      0.1021019      0.1645342      0.2756596
HRS61      0.3730001     -0.9923124      0.1294694      0.1188594      0.1771671      0.3143926
HRS64     -0.4219999     -0.5058289      0.1707949      0.1415449      0.1349963      0.4567642
HRS65      0.1230001     -0.8692856      0.1902366      0.1194478      0.1349964      0.2558894
HRS67     -0.1070004     -0.6246586      0.1645342      0.1519816      0.1349963      0.4154354
HRS72      0.4080000     -1.0200000      0.1707950      0.1284912      0.3181372      0.2052485
HRS73     -1.2100000     -0.5138054      0.2176478      0.0638419      0.1523562      0.0639064
HRS74     -0.5520000     -0.6256685      0.1645342      0.0763535      0.1464449      0.1541311
HRS76     -0.1070004     -0.6239429      0.2037333      0.1554577      0.2467120      0.4293220
HRS78     -0.0270004     -0.8254714      0.1294694      0.1125541      0.1583870      0.2315906
HRS79      0.3280001     -0.9138575      0.1240797      0.1679585      0.1088126      0.3527527
HRS85     -0.8099995     -0.5818229      0.1294694      0.0702277      0.1406569      0.1294169
HRS88     -0.1520004     -0.8322735      0.1707950      0.1114199      0.1645342      0.1817852
HRS89     -0.1219997     -0.3930564      0.1240796      0.0957675      0.1137430      0.1759287
HRS91     -1.0100002     -0.4691257      0.1188350      0.0676674      0.1645342      0.0684576
HRS92     -0.3020000     -0.6673713      0.1240797      0.1048569      0.1240797      0.1335853
HRS94     -0.1870003     -0.5978770      0.1707950      0.1157340      0.1188350      0.2818673
HRS95     -1.1270008     -0.5592637      0.1464449      0.0642468      0.1349964      0.0605879
HRS98     -0.3719997     -0.4769635      0.1240797      0.0865682      0.1240797      0.1550394
HRS102     -0.8000002     -0.4166532      0.1088126      0.0549253      0.0994785      0.0577931
HRS110     -0.0719995     -0.6772556      0.1523563      0.0903921      0.1464450      0.1718566
HRS114     -0.8000002     -0.4700222      0.1523562      0.0587015      0.1406569      0.0573976
HRS122     -1.2799997     -0.2084198      0.1771671      0.0629979      0.1645342      0.0627681
HRS132     -0.2520008     -0.8455634      0.1583870      0.1204957      0.1349963      0.2888839
HRS133     -0.1370001     -0.3992934      0.1349963      0.1648915      0.1523562      0.2968604
HRS142      0.0479994     -1.0949874      0.1188350      0.0710064      0.1294694      0.0909532
HRS143     -0.2770004     -0.4747953      0.2106387      0.0798919      0.1645342      0.1356301
HRS145     -0.5070000     -0.4577885      0.0950996      0.1109455      0.1836486      0.2642567
HRS146     -0.7419996     -0.3558459      0.1836486      0.0961147      0.1349964      0.1101951
HRS148     -0.2519999     -0.3772955      0.1464449      0.1025034      0.1349964      0.2015666
HRS154     -0.0319996     -0.6724219      0.0650890      0.1340141      0.2542349      0.2666946
HRS157     -0.5469999     -0.5272155      0.1583870      0.0722804      0.1771671      0.0844352
HRS169     -0.8570004     -0.1880269      0.1836486      0.1153193      0.2319754      0.2490174
HRS177     -0.6219997     -0.6090426      0.1645342      0.0805635      0.1240797      0.0875508
HRS182     -0.5520000     -0.6102324      0.1464449      0.0804982      0.1464449      0.1100815
HRS187      0.0279999     -0.6565161      0.1240797      0.0952170      0.1645342      0.1684073
HRS188     -0.4020004     -0.6147275      0.1406569      0.0767543      0.1240797      0.1706277
HRS189     -0.6419992     -0.4797945      0.1836486      0.0929865      0.2695885      0.1412676
HRS194     -0.5500002     -0.3425245      0.1406569      0.0650754      0.1645342      0.0844412
HRS196      0.1479998     -0.7316322      0.1188350      0.0992033      0.1707950      0.1592214
HRS203      0.1280003     -0.6508632      0.1240797      0.0716932      0.0994785      0.0889382
HRS205     -0.6800003     -0.5337834      0.1645342      0.0739472      0.1645342      0.0952291
HRS212      0.2879992     -0.9940920      0.1583870      0.1069784      0.1969323      0.2420694
HRS216     -1.2400007     -0.4612036      0.1902366      0.0561851      0.1406569      0.0599262
HRS227      0.7530003     -1.0932522      0.1294694      0.1142366      0.1240797      0.2176478
HRS237     -0.7869997     -0.5963521      0.1349963      0.0916192      0.0950996      0.1621024
HRS239     -1.0419998     -0.3746719      0.1583870      0.0670180      0.1240797      0.0660554
HRS246     -0.6300001     -0.7489262      0.1523562      0.0684091      0.1088126      0.1004549
HRS247     -0.7399998     -0.4306679      0.1188350      0.0615360      0.1406569      0.0763825
HRS252      0.0180006     -0.6546960      0.1349964      0.1408466      0.1523562      0.4506897
HRS259      0.2030001     -0.9626784      0.1902366      0.1456521      0.2037333      0.4592994
HRS262      0.1529999     -0.7667203      0.1137430      0.0844202      0.1188349      0.1402266
HRS267     -0.3570004     -0.6469984      0.1836486      0.1068610      0.1583870      0.2387391
HRS268     -0.4870005     -0.5411119      0.1464450      0.0623899      0.1464450      0.0928307
HRS271     -0.5120001     -0.4540453      0.1707949      0.1034544      0.1406568      0.2463774
HRS281     -0.6619997     -0.6199269      0.1294694      0.1362264      0.1523562      0.2525058
HRS283      0.0480003     -0.9245815      0.1523562      0.0682264      0.1645342      0.1001163
HRS284     -1.0520000     -0.5400610      0.1836486      0.0593708      0.1746041      0.0606148
HRS287     -0.6120005     -0.5501094      0.1523562      0.0785134      0.1349964      0.1596240
HRS290     -0.7720003     -0.7801733      0.1645342      0.0778229      0.1240797      0.1484694
HRS293     -0.2620001     -0.5190005      0.1464449      0.0741266      0.1583870      0.1398168
HRS295     -0.8400002     -0.5882025      0.1406569      0.0670210      0.1294694      0.1013951
HRS297     -0.5000000     -0.4636893      0.1219642      0.0704889      0.1523562      0.0928675
HRS298     -0.2720003     -0.7041583      0.1294693      0.0739312      0.1406569      0.1118582
HRS299     -0.6820002     -0.3893437      0.1088126      0.1021185      0.1583870      0.2611997
HRS301     -0.4120007     -0.4627032      0.1707950      0.1133338      0.1240797      0.3706145
HRS309      0.2830000     -0.8612967      0.1969323      0.1200039      0.2106387      0.2456821
HRS314      0.1080008     -0.6369295      0.1088126      0.1125363      0.1969323      0.2075126
HRS318     -0.2620001     -0.6593709      0.1645342      0.0866775      0.1406569      0.1748594
HRS319     -0.1220007     -0.6151295      0.2176478      0.1028351      0.0798713      0.2260845
HRS320     -0.0469999     -0.4806037      0.1464449      0.1220417      0.1294693      0.2888815
HRS321     -0.6020002     -0.5660057      0.1294694      0.0740794      0.1707950      0.1209101
HRS33     -0.3319998     -0.9004712      0.1240797      0.0861155      0.1349963      0.1026210
HRS39     -0.0269995     -0.7611670      0.1464449      0.1309190      0.1583870      0.3863303
HRS44     -0.3670006     -0.4887414      0.1294693      0.1167016      0.1406568      0.1702411
HRS47      0.0279999     -0.7307491      0.1836486      0.1590663      0.1464449      0.2065771
HRS62      0.4379997     -0.8104415      0.1188350      0.1457724      0.1294694      0.4629104
HRS66     -0.5420008     -0.5844183      0.1349964      0.0612183      0.1272957      0.0631933
HRS68     -1.0419998     -0.3394580      0.1406569      0.0930864      0.1583870      0.1384117
HRS118      0.4379997     -0.9823246      0.1137430      0.2177394      0.1523562      0.9455310
HRS139     -0.3020000     -0.6824975      0.1771671      0.1082057      0.1137430      0.2520922
HRS158      0.1480007     -0.4480658      0.1836486      0.2637131      0.1464449      0.8936925
HRS198     -0.5570002     -0.4086981      0.1464449      0.1098849      0.1645342      0.3162023
HRS238      0.5929995     -1.5869417      0.2467121      0.2587953      0.2542349      0.8625045
HRS266      0.6629992     -0.8894701      0.1523563      0.1303958      0.1464449      0.4581676
HRS302     -0.0869999     -0.4764838      0.1523562      0.1796686      0.1523562      0.5706292
HRS308     -0.2570000     -1.2013812      0.1406569      0.1315262      0.2037333      0.2766976
HRS317     -0.1870003     -0.8505602      0.1523562      0.2070854      0.1294694      0.7154545
HRS HIdef: galaxyname  logMHIMstar  logMdustMmetals   logMHIMstar_low  logMdustMmetals_low  logMHIMstar_high  logMdustMmetals_high
HRS83     -0.5719995     -0.4524326      0.1707949      0.1844229      0.1645342      0.6419184
HRS130     -0.6820002     -0.5187984      0.1406569      0.0960018      0.1583870      0.2767191
HRS152     -1.0420008     -0.5071917      0.1240797      0.0793151      0.1240797      0.1092952
HRS153     -0.9519997     -0.4159837      0.1523562      0.0860342      0.2037333      0.1765128
HRS171     -1.1719999     -0.4797010      0.1836486      0.0761453      0.1240797      0.0760650
HRS193     -0.5720005     -0.3479276      0.1349964      0.0951262      0.1464450      0.1900556
HRS197     -0.8420000     -0.4075842      0.1771671      0.0788052      0.1240797      0.1138231
HRS206     -1.3119998     -0.4354682      0.1645340      0.1017396      0.1645340      0.2463325
HRS230     -0.6269999     -0.4985871      0.2542348      0.0816229      0.2392932      0.1281955
HRS294     -0.7570000     -0.4956293      0.1707949      0.0882117      0.1188349      0.1760680
HRS310     -0.8870001     -0.5366864      0.1771671      0.0894077      0.1559609      0.1949708
HRS21     -0.5620003     -0.3259759      0.2037333      0.1614874      0.1771671      0.4928724
HRS58     -0.7170000     -0.4279747      0.1523562      0.1087278      0.1188349      0.1078093
HRS99     -1.0619998     -0.4484773      0.1583868      0.0818007      0.1707948      0.1011920
HRS165     -0.6070004     -0.4423761      0.1583870      0.1793434      0.1523562      0.4318936
HRS191     -0.4520006     -0.6371398      0.1645342      0.1666296      0.1707949      0.4136740
HRS199     -1.2770004     -0.4015899      0.1771669      0.1573340      0.0994782      0.3860182
HRS223     -0.3570004     -0.3319221      0.1645342      0.2482279      0.1583870      0.8422261
HRS225     -1.0670004     -1.0594683      0.2933935      0.3430031      0.0798709      5.4181681
HRS305     -1.5470004     -0.3864093      0.2542347      0.2832788      0.1137427      0.6888235
HRS313     -0.6870003     -0.3515549      0.1707950      0.1120315      0.1188349      0.2897493
KINGFISH: galaxyname  logMHIMstar  logMdustMmetals   logMHIMstar_low  logMdustMmetals_low  logMHIMstar_high  logMdustMmetals_high
NGC1482     -1.1902332     -0.3494053      0.1123741      0.1019542      0.1123741      0.1019542
NGC5866     -2.2001867     -0.4401026      0.1123741      0.0969348      0.1123741      0.0969348
JINGLE: galaxyname  logMHIMstar  logMdustMmetals   logMHIMstar_low  logMdustMmetals_low  logMHIMstar_high  logMdustMmetals_highh
JINGLE3     -0.4560003     -0.3824735      0.1132701      0.1094878      0.1132701      0.1094878
JINGLE4     -0.6120005     -0.6789570      0.1294693      0.1030109      0.1294693      0.1030109
JINGLE5     -0.2399998     -0.8112164      0.1262132      0.1020621      0.1262132      0.1020621
JINGLE10     -0.5979996     -0.8694868      0.1267333      0.1108089      0.1267333      0.1108089
JINGLE15      0.1689997     -1.0895662      0.1124144      0.1152503      0.1124144      0.1152503
JINGLE16     -0.4119997     -0.6551366      0.1356080      0.1378300      0.1356080      0.1378300
JINGLE19     -1.1840000     -0.4457774      0.1123919      0.1279015      0.1123919      0.1279015
JINGLE22     -0.5600004     -0.6380486      0.1294694      0.1106403      0.1294694      0.1106403
JINGLE23     -1.0000000     -0.6240821      0.1294694      0.1029713      0.1294694      0.1029713
JINGLE25     -0.7600002     -0.5624924      0.1294693      0.1012102      0.1294693      0.1012102
JINGLE26     -0.2570000     -0.7196674      0.1294694      0.1068587      0.1294694      0.1068587
JINGLE28     -0.2570000     -0.7502747      0.1294694      0.1231028      0.1294694      0.1231028
JINGLE33     -0.2190008     -0.9104590      0.1124458      0.0896686      0.1124458      0.0896686
JINGLE34     -0.1320000     -0.5977859      0.1294694      0.1185067      0.1294694      0.1185067
JINGLE36     -0.6079998     -0.4335313      0.1128279      0.1323164      0.1128279      0.1323164
JINGLE40     -0.4600000     -0.7343078      0.1242268      0.1027738      0.1242268      0.1027738
JINGLE41     -0.9600000     -0.5291224      0.1294694      0.0945218      0.1294694      0.0945218
JINGLE43     -0.1500006     -0.9370298      0.1294694      0.0819669      0.1294694      0.0819669
JINGLE44     -0.5299997     -0.7010031      0.1294694      0.1102002      0.1294694      0.1102002
JINGLE45     -0.7399998     -0.6426268      0.1294693      0.1052064      0.1294693      0.1052064
JINGLE47     -1.1030006     -0.4999843      0.1123919      0.0970992      0.1123919      0.0970992
JINGLE49     -1.2209997     -0.2789903      0.1126634      0.1058052      0.1126634      0.1058052
JINGLE51     -0.2300005     -0.8287344      0.1242268      0.0951334      0.1242268      0.0951334
JINGLE56     -0.8699999     -0.7121267      0.1294694      0.0926364      0.1294694      0.0926364
JINGLE58     -0.5100002     -0.5489626      0.1356080      0.1768206      0.1356080      0.1768206
JINGLE60     -0.0099993     -0.5990171      0.1125361      0.1557124      0.1125361      0.1557124
JINGLE64     -0.0850000     -0.3726420      0.1129242      0.1455504      0.1129242      0.1455504
JINGLE66     -0.3099995     -0.8665180      0.1242268      0.1078069      0.1242268      0.1078069
JINGLE70     -1.1760006     -0.4067807      0.1127410      0.1153149      0.1127410      0.1153149
JINGLE71      0.1530008     -0.8111591      0.1242268      0.1171585      0.1242268      0.1171585
JINGLE72     -0.8190002     -0.2307129      0.1140379      0.0927661      0.1140379      0.0927661
JINGLE74      0.0629997     -0.5642457      0.1294694      0.1223902      0.1294694      0.1223902
JINGLE76     -1.0000000     -0.7452989      0.1123919      0.0972789      0.1123919      0.0972789
JINGLE77     -0.1000004     -0.7858925      0.1242268      0.0881863      0.1242268      0.0881863
JINGLE81     -1.6719999     -0.1911159      0.1160315      0.1146533      0.1160315      0.1146533
JINGLE82      0.2130003     -0.6750937      0.1294694      0.1609273      0.1294694      0.1609273
JINGLE84     -0.7900000     -0.5777364      0.1294694      0.1120252      0.1294694      0.1120252
JINGLE85     -0.5820007     -0.7311997      0.1425964      0.1252944      0.1425964      0.1252944
JINGLE86     -0.5000000     -0.7585845      0.1242268      0.1056075      0.1242268      0.1056075
JINGLE89     -0.5489998     -0.6424122      0.1126634      0.0989031      0.1126634      0.0989031
JINGLE90     -0.0220003     -0.6173468      0.1242268      0.1272887      0.1242268      0.1272887
JINGLE99     -0.1399994     -0.7929277      0.1242268      0.1040936      0.1242268      0.1040936
JINGLE100     -0.2130003     -0.6554403      0.1124458      0.1034324      0.1124458      0.1034324
JINGLE101     -0.5200005     -0.4877310      0.1242268      0.0855364      0.1242268      0.0855364
JINGLE102      0.4080000     -0.9695873      0.1242268      0.0996723      0.1242268      0.0996723
JINGLE106     -1.1970005     -0.3849525      0.1129242      0.1130646      0.1129242      0.1130646
JINGLE108      0.0930004     -0.8569155      0.1242268      0.0933146      0.1242268      0.0933146
JINGLE111     -0.7500000     -0.6980977      0.1294694      0.1156088      0.1294694      0.1156088
JINGLE118     -0.5200005     -0.8291407      0.1242268      0.0852758      0.1242268      0.0852758
JINGLE121     -0.7630005     -0.7125835      0.1124458      0.1206036      0.1124458      0.1206036
JINGLE122     -0.6300001     -0.6442070      0.1242268      0.1029579      0.1242268      0.1029579
JINGLE123     -0.1800003     -0.7558842      0.1242268      0.0992945      0.1242268      0.0992945
JINGLE125     -0.9400005     -0.5098429      0.1242268      0.1152760      0.1242268      0.1152760
JINGLE131     -0.8490000     -0.3233347      0.1129242      0.1097757      0.1129242      0.1097757
JINGLE135     -0.0369997     -0.6883450      0.1294694      0.1193281      0.1294694      0.1193281
JINGLE138      0.0480003     -0.9251041      0.1125952      0.1624814      0.1125952      0.1624814
JINGLE144     -1.1339998     -0.5726290      0.1127410      0.0980799      0.1127410      0.0980799
JINGLE146      0.0880003     -0.6911383      0.1294694      0.0982629      0.1294694      0.0982629
JINGLE148     -0.7980003     -0.4400640      0.1129242      0.1009947      0.1129242      0.1009947
JINGLE149     -0.4449997     -0.8209634      0.1123919      0.1032866      0.1123919      0.1032866
JINGLE151     -0.4100008     -0.8730469      0.1242268      0.1173767      0.1242268      0.1173767
JINGLE154     -1.2399998     -0.4244137      0.1242268      0.0833617      0.1242268      0.0833617
JINGLE156     -0.8299999     -0.5083117      0.1242268      0.0979491      0.1242268      0.0979491
JINGLE160     -0.3519993     -0.7214522      0.1242268      0.1079180      0.1242268      0.1079180
JINGLE163     -1.1280003     -0.2874532      0.1128279      0.1208710      0.1128279      0.1208710
JINGLE165     -1.1920004     -0.3857050      0.1137019      0.0959938      0.1137019      0.0959938
JINGLE173     -0.1000004     -1.0479345      0.1242268      0.1179208      0.1242268      0.1179208
JINGLE175     -0.1810007     -0.7498403      0.1124865      0.1272720      0.1124865      0.1272720
JINGLE183     -0.9199991     -0.6644211      0.1294694      0.1075745      0.1294694      0.1075745
JINGLE184     -0.7000008     -0.4891000      0.1126634      0.1106755      0.1126634      0.1106755
JINGLE189     -0.0799999     -0.8571634      0.1242268      0.0967386      0.1242268      0.0967386
JINGLE191     -0.6980000     -0.6014500      0.1123919      0.1048074      0.1123919      0.1048074
JINGLE0     -1.6090002     -0.4253583      0.1318198      0.1210688      0.1318198      0.1210688
JINGLE1     -0.2570000     -0.9837942      0.1242269      0.1526366      0.1242269      0.1526366
JINGLE2      0.3730001     -0.9453826      0.1242268      0.2818233      0.1242268      0.2818233
JINGLE6     -0.4319992     -0.3731394      0.1294694      0.1679282      0.1294694      0.1679282
JINGLE7     -0.5570002     -0.4715762      0.1425964      0.1205202      0.1425964      0.1205202
JINGLE8     -0.2770004     -0.8957925      0.1294694      0.1574918      0.1294694      0.1574918
JINGLE9      0.0179996     -1.1251841      0.1294693      0.1346708      0.1294693      0.1346708
JINGLE12     -0.0220003     -0.6830015      0.1242268      0.1527233      0.1242268      0.1527233
JINGLE13      0.2579994     -0.7609930      0.1294694      0.1645772      0.1294694      0.1645772
JINGLE17      0.2280006     -0.9268699      0.1294694      0.1563250      0.1294694      0.1563250
JINGLE18      0.3879995     -0.6065669      0.1294694      0.2057698      0.1294694      0.2057698
JINGLE20     -1.0430002     -0.5677161      0.1123919      0.1465721      0.1123919      0.1465721
JINGLE21      0.1879997     -0.7359409      0.1242268      0.2020813      0.1242268      0.2020813
JINGLE24      0.3619995     -0.7592425      0.1124458      0.2318216      0.1124458      0.2318216
JINGLE27     -0.5299997     -1.1191492      0.1242268      0.1485685      0.1242268      0.1485685
JINGLE30     -0.3719997     -0.8332572      0.1294694      0.1791557      0.1294694      0.1791557
JINGLE31     -0.3020000     -0.8107176      0.1294694      0.1391558      0.1294694      0.1391558
JINGLE32     -0.1119995     -0.6101532      0.1294694      0.1428332      0.1294694      0.1428332
JINGLE35     -0.9319992     -0.5926580      0.1123919      0.1064120      0.1123919      0.1064120
JINGLE38     -0.4020004     -0.8375096      0.1294694      0.1097919      0.1294694      0.1097919
JINGLE39      0.0979996     -0.7483349      0.1242268      0.1469350      0.1242268      0.1469350
JINGLE46      0.0080004     -0.9451871      0.1242268      0.2072522      0.1242268      0.2072522
JINGLE48     -0.3399992     -0.8871827      0.1242268      0.0843858      0.1242268      0.0843858
JINGLE50      0.2679996     -0.4361348      0.1294694      0.2722425      0.1294694      0.2722425
JINGLE52     -0.5500002     -0.6077476      0.1242268      0.1525467      0.1242268      0.1525467
JINGLE53     -0.6919994     -0.4480863      0.1130300      0.1567924      0.1130300      0.1567924
JINGLE55     -1.1800003     -0.6832514      0.1294694      0.0920689      0.1294694      0.0920689
JINGLE57     -1.0290003     -0.2701516      0.1129242      0.1339688      0.1129242      0.1339688
JINGLE61     -0.9020004     -0.7859406      0.1123919      0.1304934      0.1123919      0.1304934
JINGLE63      0.0380001     -1.2419815      0.1294694      0.1720216      0.1294694      0.1720216
JINGLE69      0.0780001     -0.8946719      0.1294694      0.1246239      0.1294694      0.1246239
JINGLE73      0.1949997     -0.8231020      0.1124144      0.1514853      0.1124144      0.1514853
JINGLE75     -0.4300003     -0.7523289      0.1242268      0.1272741      0.1242268      0.1272741
JINGLE78     -0.4480000     -0.6557355      0.1126634      0.1746555      0.1126634      0.1746555
JINGLE79      0.0279999     -1.1431370      0.1242268      0.1588644      0.1242268      0.1588644
JINGLE80      0.0030003     -0.9260206      0.1294694      0.1552049      0.1294694      0.1552049
JINGLE83     -0.4600000     -0.5230994      0.1242268      0.1108365      0.1242268      0.1108365
JINGLE87     -1.1000004     -0.3882704      0.1294694      0.1228414      0.1294694      0.1228414
JINGLE88      0.0730000     -1.0721693      0.1242268      0.1500493      0.1242268      0.1500493
JINGLE92     -0.3299999     -0.6747265      0.1242268      0.1209712      0.1242268      0.1209712
JINGLE93      0.2180004     -0.7108245      0.1294694      0.1493109      0.1294694      0.1493109
JINGLE96      0.3930006     -1.2822728      0.1242268      0.2102102      0.1242268      0.2102102
JINGLE97     -0.1899996     -1.1343322      0.1242268      0.1513226      0.1242268      0.1513226
JINGLE98     -0.1700001     -0.9283218      0.1242268      0.1433412      0.1242268      0.1433412
JINGLE103      0.1929998     -0.8940783      0.1242268      0.1004224      0.1242268      0.1004224
JINGLE105     -0.3070002     -0.8418932      0.1242268      0.1082261      0.1242268      0.1082261
JINGLE107     -0.4400005     -0.6193676      0.1242268      0.1558901      0.1242268      0.1558901
JINGLE109     -0.6990004     -0.5560436      0.1128279      0.1420654      0.1128279      0.1420654
JINGLE110      0.5980005     -1.0056090      0.1242268      0.2810850      0.1242268      0.2810850
JINGLE112     -0.3809996     -0.3935385      0.1125951      0.1722895      0.1125951      0.1722895
JINGLE113      0.1379995     -1.0881195      0.1242268      0.1380715      0.1242268      0.1380715
JINGLE114     -0.5699997     -0.7589083      0.1242268      0.1125157      0.1242268      0.1125157
JINGLE115     -0.8240004     -0.4398065      0.1137019      0.1054009      0.1137019      0.1054009
JINGLE117     -0.2550001     -0.2677293      0.1128279      0.3507146      0.1128279      0.3507146
JINGLE128     -0.4300003     -0.7837157      0.1242268      0.1182704      0.1242268      0.1182704
JINGLE129     -0.9259996     -0.6181598      0.1128279      0.1610846      0.1128279      0.1610846
JINGLE132     -0.8200006     -0.6552706      0.1242268      0.1228383      0.1242268      0.1228383
JINGLE133     -0.3000002     -0.8800445      0.1242268      0.0961353      0.1242268      0.0961353
JINGLE137     -0.2819996     -0.6762223      0.1132700      0.3225833      0.1132700      0.3225833
JINGLE139     -0.5400000     -0.5105228      0.1242268      0.1463447      0.1242268      0.1463447
JINGLE140      0.2109995     -0.3604078      0.1126635      0.1423983      0.1126635      0.1423983
JINGLE141     -0.1370001     -0.5613437      0.1242268      0.1230796      0.1242268      0.1230796
JINGLE143     -0.1900005     -0.8772578      0.1242269      0.1216962      0.1242269      0.1216962
JINGLE145     -0.2370005     -1.3012056      0.1242268      0.1618032      0.1242268      0.1618032
JINGLE155     -0.9619999     -0.4726458      0.1128279      0.1344713      0.1128279      0.1344713
JINGLE161      0.2930002     -0.3806281      0.1124458      0.2059370      0.1124458      0.2059370
JINGLE162     -0.6840000     -0.6220908      0.1125952      0.1139481      0.1125952      0.1139481
JINGLE164     -0.3610001     -0.8334866      0.1125362      0.1442307      0.1125362      0.1442307
JINGLE166     -0.7600002     -0.6564178      0.1294694      0.1178582      0.1294694      0.1178582
JINGLE167     -0.3299999     -0.4688158      0.1242268      0.1022786      0.1242268      0.1022786
JINGLE168     -0.7469997     -0.4869823      0.1125362      0.1449953      0.1125362      0.1449953
JINGLE169     -0.0120001     -0.6379232      0.1126634      0.1354628      0.1126634      0.1354628
JINGLE170     -0.5749998     -0.6431952      0.1127410      0.1436192      0.1127410      0.1436192
JINGLE172     -0.6260004     -0.6151924      0.1127410      0.1435976      0.1127410      0.1435976
JINGLE174     -0.0260000     -0.1559587      0.1142205      0.2490156      0.1142205      0.2490156
JINGLE176     -0.7930002     -0.4125233      0.1130300      0.1117788      0.1130300      0.1117788
JINGLE178     -0.5190001     -0.7620850      0.1123920      0.1199574      0.1123920      0.1199574
JINGLE181     -0.4869995     -0.6073189      0.1130300      0.1199222      0.1130300      0.1199222
JINGLE185     -1.3540001     -0.2364507      0.1127410      0.1499463      0.1127410      0.1499463
HAPLESS: galaxyname  logMHIMstar  logMdustMmetals   logMHIMstar_low  logMdustMmetals_low  logMHIMstar_high  logMdustMmetals_high
CGCG019-084     -0.3470001     -0.7312665      0.1645342      0.0999528      0.1583870      0.1603131
NGC5750     -1.5100002     -0.4695807      0.2319753      0.1041604      0.0909328      0.1241780
PGC051719      0.0780001     -0.7445045      0.1583870      0.1348565      0.1406569      0.3119501
UGC06877     -0.8570004     -0.9656005      0.1188350      0.1109273      0.1583870      0.1785506
UGC09348     -0.4419994     -0.5838823      0.1969323      0.1136273      0.1707950      0.2711192
PGC037392      0.0529995     -0.6157079      0.1523562      0.2997763      0.1771671      1.1009132
UGC07396     -0.0020008     -0.6506271      0.2319753      0.3233440      0.1707950      3.2816296
UM452     -0.5869999     -0.6365643      0.2106387      0.2847200      0.1969323      1.4308072
UM491      0.8880005     -1.5520959      0.1294694      0.2968682      0.1294694      4.1420889
HIGH: galaxyname  logMHIMstar  logMdustMmetals   logMHIMstar_low  logMdustMmetals_low  logMHIMstar_high  logMdustMmetals_high
UGC06578      0.8029995     -1.2194514      0.0909327      0.2753685      0.0909327      1.0845746
NGC4030     -0.7100000     -0.7805290      0.1188349      0.0511701      0.1188349      0.0566048
UGC04996      0.4829998     -0.9602537      0.1349964      0.1734400      0.1349964      0.5164365
NGC5496      0.5730000     -0.8880281      0.0832992      0.1153420      0.0832992      0.2406181
NGC5584     -0.2119999     -0.4889817      0.2037333      0.0791412      0.2037333      0.0999604
UGC09215      0.2480001     -0.6922174      0.0767307      0.1202725      0.0767307      0.1974908
NGC5690     -0.4800005     -0.7321634      0.1188350      0.0541119      0.1188350      0.0562846
NGC5691     -0.8500004     -0.5866628      0.2219031      0.0671252      0.2219031      0.0918345
NGC5713     -0.5000000     -1.0004225      0.1406569      0.0561449      0.1406569      0.0659929
NGC5740     -0.5400000     -0.8791695      0.0994785      0.0713217      0.0994785      0.0881090
IC1011     -0.4300003     -0.7122326      0.0994785      0.1009671      0.0994785      0.2020746
UGC07000     -0.0120001     -0.7756124      0.2037333      0.1328663      0.2037333      0.2707176
UGC09470      0.2229996     -0.8372655      0.1583870      0.1831392      0.1583870      0.4034050
UGC04684      0.2279997     -1.1145272      0.1902366      0.2423971      0.1902366      1.5640281
UGC06780      0.8680000     -1.1083608      0.1464449      0.3221743      0.1464449      1.4740163
UGC06903     -0.2069998     -0.7037911      0.1969323      0.1054962      0.1969323      0.1553448
UGC09299      1.3279991     -1.5292740      0.0738992      0.2206827      0.0738992      0.7453157
NGC5705      0.4380007     -0.6546621      0.1464449      0.1471860      0.1464449      0.3082972
NGC5725     -0.2019997     -0.6999002      0.1583870      0.1665772      0.1583870      0.4700511
2MASXJ14265308+0057462      0.0229998     -0.5822034      0.1040539      0.2272021      0.1040539      0.8354777
NGC4202      0.1099997     -1.2279654      0.1294694      0.1099672      0.1294694      0.1394964
