# Halo mass -- black hole mass data from Marasco et al. 2021
# Masses are (mostly) determined dynamically, with some stallar
# masses obtained from K-band luminosities with a fixed conversion
# factor. Halo masses are defined as M200_crit.
#
# Galaxy Ttype	log10(MBH/Msun)  logerr_MBH  log10(Mhalo/Msun) logerr_Mhalo log10(fstar) logerr_fstar
MilkyWay 	 4.0	6.63  0.04  12.11  0.10  -0.68   0.18
M31	 	 3.0	8.15  0.16  12.08  0.30  -0.24	 0.32
M66	 	 3.1	6.93  0.05  12.09  0.24  -0.62	 0.28
M81	 	 2.4	7.81  0.13  12.01  0.24	 -0.61	 0.28
CentaurusA 	-2.1	7.75  0.08  12.34  0.24	 -0.81	 0.28
Circinus	 3.3	6.06  0.10  11.69  0.24	 -0.86	 0.28
NGC307		-1.9	8.60  0.06  12.02  0.24	 -0.55	 0.28
NGC821		-4.8	8.22  0.19  13.00  0.43	 -1.27	 0.46
NGC1023		-2.6	7.62  0.04  12.98  0.65	 -1.26	 0.67
NGC1068		 3.0	6.92  0.24  12.18  0.24	 -0.28	 0.28
NGC1097		 3.3	8.14  0.09  12.30  0.24	 -0.66	 0.28
NGC1300		 4.0	7.88  0.30  12.13  0.24	 -0.68	 0.28
NGC1398		 2.0	8.03  0.08  12.54  0.24	 -0.53	 0.28
NGC1399		-4.6	8.95  0.31  12.94  0.04	 -1.01	 0.16
NGC1407		-4.5	9.67  0.05  13.70  0.31	 -1.37	 0.34
NGC2273		 0.9	6.93  0.04  11.96  0.24	 -0.60	 0.28
NGC2748		 4.0	7.65  0.18  11.69  0.24	 -0.63	 0.28
NGC2787		-1.0	7.61  0.09  12.13  0.24	 -1.48	 0.28
NGC2960		 0.8	7.03  0.05  12.43  0.24	 -0.87	 0.28
NGC2974		-4.3	8.23  0.08  12.71  0.30	 -1.05	 0.34
NGC3079		 6.4	6.40  0.05  12.13  0.24	 -0.82	 0.28
NGC3115		-2.9	8.95  0.08  13.01  0.62	 -1.35	 0.64
NGC3227		 1.5	7.32  0.23  12.26  0.24	 -0.75	 0.28
NGC3245		-2.1	8.38  0.11  12.30  0.24	 -0.97	 0.28
NGC3377		-4.8	8.25  0.23  12.22  0.34	 -0.99	 0.37
NGC3607		-3.2	8.14  0.15  13.08  0.37	 -0.96	 0.40
NGC3608		-4.8	8.67  0.09  13.15  0.55	 -1.39	 0.57
NGC3706		-3.2	9.77  0.06  13.80  0.30	 -1.81	 0.34
NGC3783		 1.4	7.36  0.19  11.76  0.24	 -0.15	 0.28
NGC3923		-4.8	9.45  0.12  13.44  0.15	 -1.58 	 0.21
NGC3998		-2.2	8.93  0.05  12.60  0.20	 -1.42	 0.25
NGC4151		 1.9	7.81  0.08  11.80  0.24	 -0.33	 0.28
NGC4258		 4.0	7.58  0.03  12.02  0.24	 -0.67	 0.28
NGC4303		 4.0	6.51  0.74  11.76  0.24	 -0.18	 0.28
NGC4374		-4.4	8.97  0.04  13.69  0.57	 -1.45	 0.59
NGC4388		 2.8	6.86  0.01  11.96  0.24	 -0.91	 0.28
NGC4459		-1.6	7.84  0.08  12.82  0.42	 -1.11	 0.45
NGC4472	 	-4.8	9.40  0.04  13.98  0.30	 -1.69	 0.34
NGC4473		-4.7	7.95  0.22  12.88  0.51	 -1.19	 0.53
NGC4486		-4.3	9.81  0.06  13.75  0.24	 -1.40	 0.28
NGC4501		 3.3	7.30  0.08  12.37  0.24	 -0.60	 0.28
NGC4526		-1.9	8.65  0.12  13.16  0.48	 -1.17	 0.50
NGC4564		-4.6	7.94  0.12  12.88  0.78	 -1.57	 0.79
NGC4594		 1.1	8.82  0.04  12.73  0.24	 -0.78	 0.28
NGC4649		-4.6	9.67  0.10  13.76  0.43	 -1.43	 0.46
NGC4697		-4.5	8.31  0.11  13.17  0.54	 -1.29	 0.56
NGC4736		 2.3	6.83  0.12  11.93  0.24	 -0.76	 0.28
NGC4762		-1.8	7.36  0.14  12.07  0.24	 -0.52	 0.28
NGC4826		 2.2	6.19  0.13  11.69  0.24	 -0.28	 0.28
NGC4945		 6.1	6.13  0.18  11.86  0.24	 -0.70	 0.28
NGC5328		-4.7	9.67  0.16  13.35  0.30	 -1.31	 0.34
NGC5846		-4.8	9.04  0.05  13.85  0.45	 -1.66	 0.47
NGC7052		-4.9	8.60  0.23  12.91  0.30	 -0.83	 0.34
NGC7457		-2.7	6.95  0.26  12.02  0.47	 -1.16	 0.49
NGC7619		-4.8	9.40  0.11  13.82  0.37	 -1.80	 0.40		
