#
# Galaxy Dust Mass Function from Beeston+18, columns:
# | log10 (Mdust/Msun) | phi [cMpc^-3] | Mdust err + | Mdust err - | phi err + | phi err - | redshift edge lower | redshift edge upper |
#
4.12808  -1.30441	0	0	0	0	0.	0.06
4.37931  -1.30441	0	0	0	0	0.	0.06
4.63054  -1.59813	0	0	0	0	0.	0.06
4.88177  -1.48598	0	0	0	0	0.	0.06
5.12808  -1.45394	0	0	0	0	0.	0.06
5.37931  -1.71562	0	0	0	0	0.	0.06
5.63054  -1.70494	0	0	0	0	0.	0.06
5.87685  -1.73698	0	0	0	0	0.	0.06
6.12808  -1.80641	0	0	0	0	0.	0.06
6.37931  -1.95594	0	0	0	0	0.	0.06
6.62562  -2.04139	0	0	0	0	0.	0.06
6.88177  -2.13218	0	0	0	0	0.	0.06
7.12808  -2.22296	0	0	0	0	0.	0.06
7.37931  -2.29773	0	0	0	0	0.	0.06
7.63054  -2.54339	0	0	0	0	0.	0.06
7.88177  -2.97063	0	0	0	0	0.	0.06
8.12808  -3.73965	0	0	0	0	0.	0.06
8.37931  -4.60481	0	0	0	0	0.	0.06
