#
# Galaxy Dust Mass Function from Pozzi+2020, columns:
# | log10 (Mdust/Msun) | phi [cMpc^-3] | Mdust err + | Mdust err - | phi err + | phi err - | redshift edge lower | redshift edge upper |
#
6.69767	-1.75705	0	0	0	0	0.1	0.25
6.90439	-2.07041	0	0	0	0	0.1 	0.25
7.09819	-2.21705	0	0 	0	0	0.1 	0.25
7.29199	-2.46786	0	0 	0	0	0.1	0.25
7.49871	-2.61456	0	0	0	0	0.1	0.25
7.70543	-2.90708	0	0	0	0	0.1	0.25
7.89922	-3.32456	0	0	0	0	0.1	0.25
8.09302	-4.24203	0	0	0	0	0.1	0.25
8.70026	-4.41123	0	0	0	0	0.1	0.25
8.70898  -3.71850	0	0	0	0	1.8	2.5
8.89474  -4.16943	0	0	0	0	1.8	2.5
9.09598  -4.57043	0	0	0	0	1.8	2.5
9.29721  -4.94644	0	0	0	0	1.8	2.5
9.49845  -5.82245	0	0	0	0	1.8	2.5
10.10217  -6.45046	0	0	0	0	1.8	2.5
