#a    m_g [Msun/Mpc^3]    m_star [Msun / Mpc^3]    m_Z(gas) [Msun / Mpc^3]    m_Z(star) [Msun / Mpc^3]
0.047619 6.151041e+09 0.000000e+00 0.000000e+00 0.000000e+00
0.061987 6.151040e+09 0.000000e+00 1.541379e+01 0.000000e+00
0.090967 6.150755e+09 2.797477e+05 7.070989e+03 1.545756e+02
0.100121 6.150480e+09 5.472561e+05 1.450688e+04 3.027339e+02
0.110197 6.150014e+09 9.958496e+05 2.750498e+04 5.771192e+02
0.124230 6.149163e+09 1.820689e+06 5.432610e+04 1.207031e+03
0.143448 6.147690e+09 3.240775e+06 1.020705e+05 2.486673e+03
0.154145 6.146704e+09 4.189957e+06 1.358729e+05 3.629038e+03
0.165639 6.145492e+09 5.370798e+06 1.804123e+05 5.381040e+03
0.182308 6.143464e+09 7.337207e+06 2.525832e+05 9.233872e+03
0.200656 6.140359e+09 1.039226e+07 3.663517e+05 1.916109e+04
0.220849 6.135908e+09 1.479080e+07 5.251018e+05 4.164484e+04
0.248973 6.128035e+09 2.259833e+07 8.234377e+05 9.379168e+04
0.287487 6.113459e+09 3.710193e+07 1.378399e+06 2.248074e+05
0.308924 6.103845e+09 4.667814e+07 1.745704e+06 3.228535e+05
0.331960 6.091694e+09 5.880893e+07 2.205597e+06 4.717214e+05
0.365368 6.075047e+09 7.540774e+07 2.854821e+06 7.172333e+05
0.402138 6.058469e+09 9.192841e+07 3.528216e+06 9.869398e+05
0.442609 6.040693e+09 1.096564e+08 4.228227e+06 1.324429e+06
0.498972 6.021162e+09 1.291534e+08 5.072439e+06 1.712922e+06
0.536178 6.009516e+09 1.407641e+08 5.549671e+06 1.973126e+06
0.576160 5.999094e+09 1.511604e+08 5.988005e+06 2.223546e+06
0.619122 5.989383e+09 1.608428e+08 6.380621e+06 2.481949e+06
0.665288 5.981214e+09 1.689828e+08 6.739122e+06 2.703091e+06
0.732242 5.971634e+09 1.785293e+08 7.159864e+06 2.975291e+06
0.786843 5.965457e+09 1.846667e+08 7.423659e+06 3.163602e+06
0.845516 5.960177e+09 1.899393e+08 7.652209e+06 3.335575e+06
0.908563 5.955773e+09 1.943052e+08 7.854653e+06 3.478975e+06
1.000000 5.950205e+09 1.998441e+08 8.083280e+06 3.668621e+06
