# Mstar,SFR
8.99849 -1.12976 
9.10844 -0.992018 
9.18702 -0.945977 
9.25380 -0.892338 
9.31664 -0.831077 
9.41094 -0.777354 
9.47771 -0.716081 
9.53269 -0.647211 
9.63089 -0.562941 
9.73300 -0.448125 
9.80367 -0.348673 
9.84291 -0.264583 
9.89794 -0.256781 
9.99616 -0.203046 
10.0905 -0.172224 
10.1847 -0.0879663 
10.2633 0.0115104 
10.3261 0.118573 
10.3811 0.179809 
10.4911 0.218313 
10.5972 0.279706 
10.7268 0.348805 
10.8290 0.410185 
10.9076 0.479128 
10.9979 0.548106 
11.0686 0.609391 
11.1079 0.655312 
