# Halo mass functions at z=0 from the colossus package (Diemer+18)
# Assumes 'planck13' cosmology
# Corrected to h-free units and dn/dlog10(M) (from dn/dln(M))
# Masses are M_200 critical
# Data is the Tinker+08 and Bocquet+16 halo mass functions
#
# M_200 [M_sun]  dn/dlog10(M_200 Tinker+08) [Mpc^-3]   dn/dlog10(M_200 Bocquet+16) [Mpc^-3]
1.475579e+07 1.050487e+02 7.676022e+01
1.857644e+07 8.454173e+01 6.157930e+01
2.338635e+07 6.804411e+01 4.940503e+01
2.944168e+07 5.477319e+01 3.964285e+01
3.706487e+07 4.410085e+01 3.181704e+01
4.666191e+07 3.551619e+01 2.554204e+01
5.874386e+07 2.860909e+01 2.050929e+01
7.395414e+07 2.305035e+01 1.647188e+01
9.310275e+07 1.857567e+01 1.323220e+01
1.172094e+08 1.497280e+01 1.063201e+01
1.475579e+08 1.207121e+01 8.544618e+00
1.857644e+08 9.733874e+00 6.868513e+00
2.338635e+08 7.850658e+00 5.522363e+00
2.944168e+08 6.333006e+00 4.440981e+00
3.706487e+08 5.109700e+00 3.572105e+00
4.666191e+08 4.123452e+00 2.873830e+00
5.874386e+08 3.328165e+00 2.312541e+00
7.395414e+08 2.686740e+00 1.861272e+00
9.310275e+08 2.169311e+00 1.498384e+00
1.172094e+09 1.751829e+00 1.206508e+00
1.475579e+09 1.414927e+00 9.716998e-01
1.857644e+09 1.143004e+00 7.827631e-01
2.338635e+09 9.234868e-01 6.307055e-01
2.944168e+09 7.462460e-01 5.083032e-01
3.706487e+09 6.031150e-01 4.097520e-01
4.666191e+09 4.875100e-01 3.303878e-01
5.874386e+09 3.941296e-01 2.664663e-01
7.395414e+09 3.187308e-01 2.149998e-01
9.310275e+09 2.578373e-01 1.735495e-01
1.172094e+10 2.086407e-01 1.401518e-01
1.475579e+10 1.688802e-01 1.132306e-01
1.857644e+10 1.367348e-01 9.152092e-02
2.338635e+10 1.107374e-01 7.400630e-02
2.944168e+10 8.970541e-02 5.987009e-02
3.706487e+10 7.268502e-02 4.845573e-02
4.666191e+10 5.890690e-02 3.923515e-02
5.874386e+10 4.775011e-02 3.178348e-02
7.395414e+10 3.871336e-02 2.575871e-02
9.310275e+10 3.139178e-02 2.088543e-02
1.172094e+11 2.545826e-02 1.694177e-02
1.475579e+11 2.064843e-02 1.374893e-02
1.857644e+11 1.674855e-02 1.116275e-02
2.338635e+11 1.358574e-02 9.066965e-03
2.944168e+11 1.102016e-02 7.367753e-03
3.706487e+11 8.938615e-03 5.989390e-03
4.666191e+11 7.249488e-03 4.870726e-03
5.874386e+11 5.878742e-03 3.962471e-03
7.395414e+11 4.767040e-03 3.225224e-03
9.310275e+11 3.865230e-03 2.626413e-03
1.172094e+12 3.133423e-03 2.139652e-03
1.475579e+12 2.539384e-03 1.743660e-03
1.857644e+12 2.057050e-03 1.421255e-03
2.338635e+12 1.665336e-03 1.158559e-03
2.944168e+12 1.347171e-03 9.443528e-04
3.706487e+12 1.088730e-03 7.695579e-04
4.666191e+12 8.788079e-04 6.268247e-04
5.874386e+12 7.083190e-04 5.101975e-04
7.395414e+12 5.698922e-04 4.148474e-04
9.310275e+12 4.575444e-04 3.368557e-04
1.172094e+13 3.664168e-04 2.730402e-04
1.475579e+13 2.925617e-04 2.208146e-04
1.857644e+13 2.327702e-04 1.780756e-04
2.338635e+13 1.844323e-04 1.431112e-04
2.944168e+13 1.454280e-04 1.145294e-04
3.706487e+13 1.140592e-04 9.121818e-05
4.666191e+13 8.889825e-05 7.223515e-05
5.874386e+13 6.877593e-05 5.680485e-05
7.395414e+13 5.274460e-05 4.429659e-05
9.310275e+13 4.003497e-05 3.419624e-05
1.172094e+14 3.002130e-05 2.608330e-05
1.475579e+14 2.219330e-05 1.961249e-05
1.857644e+14 1.613363e-05 1.449871e-05
2.338635e+14 1.149971e-05 1.050490e-05
2.944168e+14 8.009180e-06 7.432280e-06
3.706487e+14 5.428381e-06 5.112543e-06
4.666191e+14 3.563265e-06 3.401851e-06
5.874386e+14 2.252436e-06 2.176355e-06
7.395414e+14 1.361926e-06 1.329125e-06
9.310275e+14 7.813631e-07 7.682604e-07
1.172094e+15 4.212766e-07 4.160251e-07
1.475579e+15 2.110424e-07 2.085314e-07
1.857644e+15 9.691090e-08 9.537214e-08
2.338635e+15 4.013439e-08 3.911900e-08
2.944168e+15 1.469995e-08 1.409549e-08
3.706487e+15 4.650964e-09 4.351773e-09
